(
(0.00046875 1.0158326068954375)
(0.00140625 1.0240898488945724)
(0.00234375 1.0316963443633382)
(0.00328125 1.0217197206029038)
(0.00421875 1.0263097880713226)
(0.005156249999999999 1.0150353382478348)
(0.00609375 1.0187517903399992)
(0.007031249999999999 1.0348086815987532)
(0.00796875 1.0300099426645903)
(0.008906250000000001 1.0223254727630546)
(0.009843749999999998 1.0220241819558176)
(0.01078125 1.0264669020891137)
(0.01171875 1.0176510846062043)
(0.01265625 1.0162833295080373)
(0.013593749999999998 1.0340170746730382)
(0.014531249999999999 1.0180712021020029)
(0.01546875 1.076692987330622)
(0.01640625 1.0693317623971785)
(0.017343749999999998 1.081130034356728)
(0.01828125 1.0678094595452605)
(0.01921875 1.0774411751389905)
(0.02015625 1.0692178555401286)
(0.021093749999999998 1.0651315576962888)
(0.02203125 1.076465971902583)
(0.02296875 1.08365328402579)
(0.02390625 1.0718065306741902)
(0.024843749999999998 1.0828216127045762)
(0.02578125 1.0768774510667851)
(0.02671875 1.0728579293361653)
(0.02765625 1.0829864653042809)
(0.028593749999999998 1.0788998830119783)
(0.02953125 1.0695720538447708)
(0.03046875 1.1342491869815536)
(0.03140625 1.1152410759526281)
(0.032343750000000004 1.1172191450097082)
(0.03328125 1.132681929892334)
(0.03421875 1.117335117817178)
(0.03515625 1.1300184519017986)
(0.036093749999999994 1.1209386713741145)
(0.03703125 1.1279338343886631)
(0.037968749999999996 1.1235315974265911)
(0.03890625 1.1250188202492404)
(0.03984375 1.1212915443719689)
(0.04078125 1.1237356858903076)
(0.04171875 1.1282007122156685)
(0.04265624999999999 1.1290509142292082)
(0.04359375 1.1304961838554868)
(0.044531249999999994 1.1312653317623742)
(0.04546875 1.1713963036413124)
(0.046406249999999996 1.1846465348487647)
(0.047343750000000004 1.1785926542552456)
(0.04828125 1.1680194956208494)
(0.04921875 1.1825205418385945)
(0.05015625 1.1789351721784929)
(0.05109374999999999 1.1725473184192066)
(0.05203125 1.1762967045842065)
(0.052968749999999995 1.174499844114177)
(0.05390625 1.1704498183856311)
(0.05484375 1.1837865600767097)
(0.05578125 1.170181210074837)
(0.05671875 1.175803678993569)
(0.05765624999999999 1.1779555910475292)
(0.05859375 1.1763955072776013)
(0.059531249999999994 1.175191305681352)
)
