/*--------------------------------*- C++ -*----------------------------------*\
| =========                 |                                                 |
| \\      /  F ield         | OpenFOAM: The Open Source CFD Toolbox           |
|  \\    /   O peration     | Version:  5.0                                   |
|   \\  /    A nd           | Web:      www.OpenFOAM.org                      |
|    \\/     M anipulation  |                                                 |
\*---------------------------------------------------------------------------*/
FoamFile
{
    version     2.0;
    format      ascii;
    class       volScalarField;
    location    "0";
    object      nut;
}
// * * * * * * * * * * * * * * * * * * * * * * * * * * * * * * * * * * * * * //

dimensions      [0 2 -1 0 0 0 0];

internalField   nonuniform List<scalar> 
7200
(
-2.66158e-07
-5.00495e-07
-7.45713e-07
-6.86025e-07
-6.90385e-07
-4.44043e-07
3.77988e-07
1.10218e-06
6.619e-07
2.10976e-07
4.90488e-08
5.61182e-08
3.19183e-07
-2.269e-07
2.24488e-07
8.60654e-07
7.4409e-07
6.65213e-08
2.21772e-07
5.31939e-07
-3.62296e-07
-5.52285e-07
-8.44867e-07
-8.6003e-07
-8.90175e-07
-6.42338e-07
3.87215e-07
1.53398e-06
1.13126e-06
3.48854e-07
4.46114e-08
-9.95809e-08
3.93713e-07
-2.59121e-07
7.16806e-08
9.15311e-07
8.96472e-07
-1.64547e-07
1.6645e-07
5.17683e-07
8.94186e-07
1.3608e-07
6.598e-07
5.46896e-08
-1.18583e-06
-6.42265e-07
5.19694e-07
2.09666e-06
1.66264e-06
1.65361e-06
2.1134e-07
-1.32531e-07
4.13374e-07
-3.86323e-07
9.63357e-07
1.85643e-06
1.08809e-06
-1.84584e-07
-1.07386e-07
5.79723e-08
5.70263e-06
7.292e-06
2.32455e-06
5.08863e-06
1.80294e-06
2.24154e-06
1.51921e-06
2.95913e-06
4.02877e-06
3.37915e-06
3.24469e-06
3.02693e-06
1.22558e-06
9.18213e-07
4.16838e-08
6.70663e-06
8.12119e-06
7.17861e-07
-3.10074e-07
1.35483e-06
9.81323e-06
1.06947e-05
3.95852e-06
5.05789e-06
3.37618e-06
2.82513e-06
6.78832e-06
8.53427e-06
8.26569e-06
6.10996e-06
2.49831e-06
4.48253e-06
6.41556e-06
5.65001e-06
-1.61686e-06
7.19867e-06
7.18461e-06
1.1489e-06
3.95048e-07
3.30113e-07
5.50816e-06
1.15967e-05
-1.3632e-06
-5.29608e-06
1.59346e-06
6.74799e-06
4.53466e-06
4.23261e-06
4.76711e-06
1.08271e-05
6.65926e-07
-3.45332e-08
1.04487e-05
3.83904e-06
3.4677e-07
1.46455e-07
1.89227e-06
8.68731e-07
1.97414e-06
1.52942e-06
-5.65584e-06
1.42706e-05
7.60939e-06
-8.75259e-06
-4.11554e-06
4.71614e-06
3.23054e-06
8.0656e-06
3.03369e-06
5.81419e-06
9.30596e-06
1.80638e-06
4.88866e-06
9.27218e-06
4.22012e-06
5.35299e-07
2.94982e-06
2.0556e-06
1.94236e-06
3.2446e-06
-8.73902e-06
8.01795e-06
1.40056e-05
1.00435e-06
-4.86166e-06
6.84959e-06
7.58708e-06
1.26617e-05
4.82063e-06
-6.66176e-06
7.22394e-06
2.64437e-05
2.4591e-05
1.55372e-05
5.3411e-06
1.18829e-05
8.92376e-06
4.85501e-06
1.97071e-06
-7.7349e-06
-6.14501e-06
-1.6187e-06
3.0549e-06
1.40895e-05
1.47308e-05
1.2323e-05
1.13226e-05
5.21179e-06
5.12722e-06
-4.62141e-07
-6.15638e-06
-3.0391e-08
2.35707e-05
2.04673e-05
-5.62063e-07
4.83214e-06
1.30557e-05
1.35038e-05
1.02369e-05
-6.782e-07
6.26767e-06
3.14041e-06
3.36532e-07
4.88968e-06
6.18682e-06
4.80994e-06
-1.14702e-07
-1.62904e-06
1.48355e-06
3.77156e-06
6.61948e-07
-2.98322e-06
2.99205e-06
1.18554e-05
3.5844e-06
-3.97931e-06
6.29181e-06
7.67633e-06
7.48429e-06
3.6069e-06
7.49564e-06
4.30399e-06
1.90074e-06
2.31075e-06
2.9813e-06
1.97215e-06
3.65188e-06
5.64609e-06
-7.40008e-07
-8.87779e-07
-9.18844e-07
-6.89434e-07
8.47684e-07
4.19884e-06
8.29655e-07
3.53156e-06
6.1913e-06
2.73269e-06
4.30251e-06
3.26057e-06
9.57036e-06
5.88871e-06
1.13562e-06
2.50943e-07
1.90185e-06
6.72262e-06
1.07958e-05
5.92982e-06
1.66273e-06
1.3384e-06
3.14909e-06
2.81313e-06
1.71756e-06
2.52911e-06
-5.78346e-07
3.57201e-06
9.38691e-06
7.35381e-06
4.03283e-06
3.23319e-06
2.12733e-07
1.18959e-06
1.2651e-06
7.20036e-07
3.3725e-07
3.61451e-07
7.19516e-07
2.63609e-07
-2.30198e-08
-6.71777e-08
8.29582e-08
2.55078e-07
1.39559e-07
-2.88786e-08
-2.75866e-07
3.55741e-09
1.06337e-07
6.70901e-07
6.0225e-07
6.90223e-07
5.65195e-07
1.89198e-06
1.5848e-06
4.80811e-07
-1.00744e-07
-1.06138e-07
2.60483e-07
1.98047e-07
-4.14356e-07
-4.31353e-07
5.00973e-07
4.56449e-07
1.19021e-06
9.04212e-07
-2.64632e-07
-1.49323e-07
-2.52556e-07
-9.98727e-09
-2.26768e-07
7.69686e-07
-2.42152e-06
4.06955e-07
2.64343e-06
6.35199e-07
-9.56892e-08
-5.1752e-07
-1.90902e-07
3.58854e-07
1.03558e-07
2.52944e-07
1.0343e-06
1.53766e-06
1.48534e-06
1.52832e-06
1.50476e-06
1.91623e-07
7.68713e-07
8.54722e-07
-9.07381e-08
1.42711e-07
-3.55358e-06
-7.79346e-07
2.8977e-07
2.56622e-06
3.94004e-06
1.07577e-06
-3.06075e-07
3.4859e-06
7.20374e-07
6.01236e-07
4.44236e-07
7.05033e-06
5.46214e-06
1.64012e-06
3.54247e-07
1.57583e-06
5.07583e-06
1.02047e-05
2.65898e-06
6.96899e-07
9.16184e-08
-5.89059e-07
-7.18188e-06
4.42768e-06
6.82453e-06
7.59043e-06
5.36703e-06
4.90551e-06
2.57192e-06
2.56689e-06
3.49534e-06
1.72517e-06
1.02282e-06
5.00913e-07
1.51268e-06
-3.8804e-06
-2.10905e-06
7.07738e-06
1.862e-06
3.25845e-06
6.25394e-06
4.6185e-06
-5.78801e-06
1.70124e-06
4.35002e-06
1.4054e-05
1.0754e-05
6.65945e-06
4.5103e-06
8.84689e-06
-4.75415e-07
-6.02079e-06
5.16935e-06
3.86187e-06
6.4622e-06
-9.84621e-06
-7.02548e-06
3.14824e-06
6.66588e-06
4.82557e-06
-4.04195e-07
6.95677e-07
-5.42503e-07
-7.01656e-06
3.80737e-06
1.29192e-06
8.39634e-06
1.24428e-06
6.47201e-06
4.95444e-06
-5.94869e-06
-7.76378e-06
4.40279e-06
4.78661e-06
8.92598e-06
-4.6252e-06
-5.71601e-06
6.44263e-06
4.03592e-06
5.02018e-06
-2.31122e-06
-2.13134e-06
-3.82476e-06
-1.39444e-06
-5.98389e-06
1.49162e-05
1.4696e-05
4.17381e-06
6.62468e-06
3.28544e-06
7.29448e-06
8.35956e-06
7.01825e-06
4.07084e-06
-1.63067e-06
3.73337e-07
1.16247e-05
1.15818e-05
1.21758e-05
9.35948e-07
-1.42941e-06
-2.56765e-06
2.03433e-06
1.38451e-05
-7.96354e-07
1.01227e-05
1.527e-05
1.16204e-05
1.21726e-05
9.44261e-07
-1.7082e-06
3.57964e-06
9.00199e-06
7.15077e-07
-3.22245e-06
1.41285e-06
5.4883e-06
1.50007e-05
1.27163e-05
6.81566e-06
3.29877e-06
4.25362e-06
7.74037e-06
8.7734e-06
9.24586e-06
7.37801e-06
6.8628e-06
4.72507e-06
-9.30612e-08
9.41248e-06
7.04438e-06
5.45461e-06
1.78913e-06
-4.47178e-06
-4.39929e-06
-3.65795e-06
7.67219e-06
8.00982e-06
7.06293e-06
7.32891e-06
2.07961e-06
-5.60271e-07
-1.13786e-06
-1.10283e-06
1.57629e-06
1.40697e-06
4.82415e-06
5.50495e-06
5.56496e-06
8.62949e-06
6.81047e-06
5.36195e-06
-2.95538e-07
-6.00044e-07
-4.35824e-06
1.09306e-06
4.10579e-06
3.67889e-06
2.30968e-06
1.33507e-07
-1.96076e-06
-5.15524e-07
2.85891e-06
4.52948e-06
2.21536e-06
4.19778e-06
7.03861e-06
1.73254e-06
4.48666e-06
3.28931e-06
2.91205e-06
4.0986e-06
7.81541e-06
7.29416e-06
1.0388e-06
-2.22408e-06
3.89038e-06
5.14792e-06
2.82053e-06
2.66905e-06
3.47936e-07
8.19663e-07
1.19443e-06
4.45341e-07
2.6616e-07
-2.26543e-07
-7.29174e-07
-2.14628e-07
6.1369e-07
7.73633e-07
4.09305e-07
2.13728e-07
2.49403e-07
3.83451e-07
8.51832e-07
7.84466e-07
8.0505e-07
8.78317e-07
4.09419e-07
3.28945e-07
3.77554e-07
1.07904e-06
1.92889e-06
6.82836e-07
5.7726e-07
-1.94933e-07
-8.77426e-07
-2.87838e-07
1.06636e-06
1.03966e-06
5.64161e-07
2.26297e-07
2.38716e-07
5.70388e-07
1.15755e-06
8.22385e-07
8.2159e-07
1.22606e-06
6.38932e-07
3.01276e-07
-1.2222e-06
-2.6907e-06
8.23394e-07
3.25333e-06
2.20659e-06
8.32182e-07
-5.1726e-08
-1.82586e-07
1.31463e-06
1.73302e-06
7.48314e-07
3.2308e-07
9.19171e-08
2.07389e-09
1.40667e-06
7.04124e-07
1.63551e-07
3.23028e-07
1.3077e-06
-3.15689e-08
1.90505e-07
-2.42335e-06
-5.70683e-06
7.00791e-06
3.84256e-06
1.81694e-06
1.42973e-06
1.12439e-06
7.6289e-07
-2.57775e-07
1.01445e-06
2.07166e-06
1.54249e-06
-1.68971e-06
7.06162e-06
2.25607e-06
5.35792e-07
-6.0953e-06
5.88928e-07
4.0452e-06
-3.35963e-07
-1.52502e-06
-9.77835e-06
1.29016e-05
4.92944e-06
3.36052e-06
1.92843e-06
2.42453e-06
4.99768e-07
-1.09706e-06
3.02777e-06
4.45946e-06
5.15199e-06
5.69876e-06
7.8907e-06
7.44855e-07
-1.08027e-07
-2.70332e-06
1.55171e-06
2.1562e-06
-5.09961e-06
4.01931e-06
5.61623e-06
4.75348e-06
2.87615e-06
5.89859e-06
3.41235e-06
1.14759e-06
2.88722e-06
-1.03624e-06
2.63881e-06
3.40045e-06
8.21699e-06
6.62125e-06
8.06412e-06
1.1668e-06
-4.7839e-07
2.55117e-06
3.70882e-06
-1.0592e-06
-1.80575e-06
2.60248e-07
2.89523e-06
1.95349e-06
3.1441e-06
3.8664e-06
3.62297e-06
5.62129e-06
5.27999e-06
4.18462e-06
2.00427e-06
1.21097e-06
2.72808e-06
7.0782e-06
6.52583e-06
3.88381e-06
5.26647e-06
8.50373e-06
7.7941e-06
-4.21406e-07
6.47981e-06
-6.44138e-06
-1.71769e-06
1.00124e-06
2.50081e-06
1.14504e-05
3.09931e-06
3.54485e-06
2.71462e-06
4.9941e-06
1.08478e-05
6.54791e-06
-1.00062e-05
4.2722e-07
-1.12439e-06
2.35386e-07
2.09117e-06
1.09063e-05
7.81289e-06
-1.68995e-06
6.07533e-06
5.80884e-06
7.51219e-06
8.9859e-06
4.99695e-06
8.00856e-06
7.15507e-06
4.43907e-06
8.26536e-06
1.60531e-06
1.96897e-06
-6.31628e-07
-3.9521e-06
-2.85444e-06
-1.61719e-06
2.19186e-06
1.26339e-06
8.11353e-06
7.9742e-06
1.50323e-06
3.5884e-06
6.13289e-06
6.99139e-06
1.30787e-05
8.50331e-06
3.25783e-06
2.56584e-07
5.53951e-06
6.49951e-06
-5.32537e-07
1.46088e-06
3.00471e-06
6.47759e-06
4.65965e-06
-1.68134e-06
-1.4368e-06
3.27635e-06
5.24833e-06
1.1515e-06
-2.14231e-06
-9.91934e-07
-4.1205e-07
4.08207e-06
4.5045e-06
4.20264e-06
2.42425e-06
1.22184e-06
2.19769e-06
6.07025e-06
5.91985e-06
3.3043e-06
2.32937e-06
4.88885e-06
1.0939e-06
2.6306e-06
4.34995e-06
2.19376e-06
4.1287e-06
-8.56523e-07
-3.19573e-06
-2.70049e-07
3.13392e-07
3.07257e-06
4.08426e-06
3.32495e-06
4.85507e-06
2.55079e-06
2.9575e-06
1.43444e-06
-5.41856e-07
-3.10909e-06
6.83234e-06
4.67278e-06
2.50388e-06
2.27863e-06
-1.13515e-06
1.7457e-06
3.14244e-06
7.54606e-07
-8.44362e-07
6.3194e-07
1.56901e-06
1.96092e-06
5.8635e-07
-3.38891e-07
1.40414e-07
2.62955e-07
-3.78708e-07
1.01272e-07
5.12694e-07
3.04593e-07
3.51052e-07
4.93128e-07
7.81643e-07
7.38974e-07
3.72927e-07
5.95801e-07
6.99378e-07
6.68643e-07
8.68188e-07
9.31389e-07
1.65815e-06
3.28715e-06
1.27446e-06
-3.59716e-07
1.07106e-07
4.13996e-07
-4.39283e-07
4.18757e-07
6.69134e-07
3.22573e-07
2.47755e-07
4.54232e-07
8.43211e-07
1.00132e-06
5.6625e-07
5.47325e-07
7.79147e-07
7.73253e-07
9.93308e-07
2.89785e-06
-7.34606e-06
4.63034e-06
3.19415e-06
3.02755e-08
3.63024e-07
1.05081e-06
2.35197e-07
2.85867e-07
5.30801e-07
1.62935e-07
-1.0256e-07
-4.77719e-07
7.647e-07
1.57828e-06
1.43922e-06
3.09392e-07
1.1916e-06
7.22184e-07
4.59979e-08
7.05327e-06
-5.65305e-06
-1.41238e-05
1.16046e-05
6.43814e-06
5.00602e-07
1.27644e-06
1.41874e-06
1.74323e-06
-1.34287e-06
1.19653e-06
1.7572e-06
-1.84545e-06
-2.57071e-06
6.64609e-06
2.92056e-06
2.82404e-06
2.56935e-06
3.89804e-06
2.68533e-06
-2.66835e-06
-1.73067e-06
-1.83538e-05
1.66958e-05
7.20458e-06
5.72998e-06
1.24309e-06
3.35827e-06
2.35537e-06
3.94765e-07
2.51415e-06
2.61866e-06
3.23861e-06
1.94032e-06
5.07873e-06
3.08916e-06
-3.95908e-08
-9.42799e-08
3.74034e-07
3.65835e-06
-5.01676e-06
-4.97927e-06
-2.96378e-06
9.60757e-06
3.57257e-06
4.82594e-06
3.44498e-06
3.23048e-06
2.57281e-06
-2.87507e-07
2.26632e-06
6.83501e-06
6.83591e-06
5.68245e-06
4.20404e-06
5.79678e-06
3.80362e-06
2.02891e-06
-5.63165e-07
2.51332e-06
8.13002e-06
3.42367e-06
6.69434e-07
6.52064e-06
2.17048e-06
3.15343e-06
3.66355e-06
3.84453e-06
3.87463e-06
4.17275e-06
4.45361e-06
3.42904e-06
3.73745e-06
6.06552e-06
2.4077e-06
7.76406e-06
1.14472e-05
5.69691e-06
7.84201e-06
6.44202e-07
1.0101e-05
3.36783e-06
1.11899e-06
4.28233e-06
5.77707e-06
1.0189e-05
5.46692e-07
1.95786e-06
3.63261e-06
6.54961e-06
9.87793e-06
9.10992e-06
-3.24792e-06
3.19521e-06
-1.9153e-06
-1.76362e-06
7.57299e-06
7.34857e-06
5.71766e-06
7.6203e-07
7.45001e-06
4.11948e-06
7.18085e-06
1.07075e-05
7.04626e-06
7.35211e-06
5.22881e-06
3.55335e-06
5.03909e-06
1.51572e-06
2.64365e-06
1.30368e-06
4.78322e-07
5.89287e-07
-1.8243e-06
-5.74382e-06
-1.0714e-09
5.55357e-06
3.96825e-06
-7.29935e-07
9.30799e-08
1.30089e-06
7.10321e-06
9.73853e-06
8.73908e-06
5.89281e-07
-6.02344e-08
7.19636e-06
6.80208e-06
1.95259e-06
2.32743e-06
2.81221e-06
7.1885e-06
6.78233e-06
1.78221e-07
-8.74416e-06
1.66902e-06
5.73797e-06
-1.08959e-06
-3.67843e-06
-4.80535e-07
1.08244e-06
5.65016e-06
5.90805e-06
3.91551e-06
-1.90312e-06
-3.99052e-07
4.86247e-06
2.50219e-06
2.0247e-06
-9.39918e-07
-5.82556e-07
4.58275e-06
8.35986e-06
7.25428e-06
2.22829e-06
-2.79104e-07
3.5962e-06
3.28711e-06
5.73114e-07
1.77236e-06
2.07265e-06
2.05708e-06
2.76245e-06
3.14543e-06
2.02426e-06
5.59805e-06
7.39344e-06
1.30763e-06
-2.72722e-06
-6.28495e-06
-1.05771e-07
5.51027e-06
1.42055e-06
2.12899e-06
1.65387e-06
2.20111e-06
3.3836e-06
5.55156e-07
2.34133e-06
-2.49547e-07
-9.0972e-08
-5.05244e-07
3.2643e-07
1.01918e-06
7.4838e-07
6.05304e-07
3.74423e-07
4.45831e-08
-8.03894e-08
8.35155e-09
-4.09528e-08
-1.40658e-08
2.12679e-07
-5.66045e-08
-2.25197e-07
-2.98731e-07
-2.27312e-07
-5.27081e-08
-2.32254e-07
-8.84088e-07
-9.98513e-08
-3.95941e-07
3.09385e-07
1.91107e-06
1.02486e-06
8.43793e-07
8.88152e-07
3.29629e-07
3.26229e-08
-7.69687e-08
-4.88432e-07
-1.66154e-08
-2.92569e-07
-3.41585e-07
-2.48088e-07
-2.54675e-07
-7.40057e-07
-1.95722e-08
-5.3264e-07
-1.64129e-06
4.25943e-07
1.56635e-08
4.83052e-07
3.86755e-06
5.41206e-06
7.98062e-07
1.83077e-06
9.25638e-07
2.61536e-06
8.31431e-08
-7.64309e-07
-5.1061e-07
-1.10109e-08
8.45288e-08
6.25392e-08
7.70494e-07
-5.51708e-07
5.20263e-07
-2.74177e-07
7.87019e-06
1.31452e-05
-1.37798e-06
-4.23775e-07
-9.75285e-06
-4.3029e-08
1.01716e-05
7.05456e-07
1.74983e-06
-5.01438e-06
2.75304e-06
6.15507e-07
3.61962e-07
5.71812e-07
3.37997e-06
6.13383e-07
2.36236e-06
4.36282e-07
-7.02131e-07
-3.36461e-07
1.32771e-05
9.69051e-06
2.56718e-06
3.29495e-06
1.8417e-06
-4.76573e-06
4.32922e-06
1.20322e-05
-1.62403e-06
-7.07322e-06
-4.23597e-07
1.83097e-06
8.20183e-07
6.2565e-06
3.27343e-06
3.13409e-06
1.97088e-06
2.37584e-06
7.48761e-07
-2.62627e-07
2.49477e-05
1.69964e-06
1.8516e-06
5.56471e-06
1.01672e-06
1.7875e-06
6.65311e-07
7.52579e-06
-9.82611e-07
-6.64811e-06
-5.88477e-06
2.76855e-06
8.48986e-06
1.47377e-05
1.56049e-06
2.00781e-06
7.56947e-06
5.28857e-06
6.75317e-06
2.9765e-06
2.06772e-05
-3.2936e-06
7.78255e-07
3.20425e-06
3.64865e-06
2.92124e-06
2.44239e-06
5.14883e-06
5.95036e-06
7.00541e-06
2.67001e-06
5.07712e-06
6.39075e-06
1.37917e-05
1.02295e-05
1.14799e-06
8.53954e-06
4.87331e-06
2.20053e-06
3.88083e-06
2.57204e-05
1.88903e-05
3.64393e-06
1.15808e-06
5.6675e-07
5.83182e-06
4.3419e-06
1.04741e-05
4.75993e-06
7.04034e-06
3.20254e-06
6.05879e-06
2.43226e-06
7.85462e-06
4.92522e-06
2.25924e-06
2.93215e-06
5.12048e-06
4.09468e-06
7.0743e-06
1.06192e-05
6.49648e-06
1.46261e-06
2.10246e-06
1.36987e-06
1.81211e-07
3.03282e-06
6.8591e-06
4.96841e-06
6.26407e-06
1.02533e-05
6.96389e-06
2.39197e-06
7.99834e-06
4.84709e-06
2.43053e-06
1.74482e-06
1.82225e-07
2.56862e-06
9.96092e-06
-1.03834e-06
5.1952e-07
2.80957e-06
3.29552e-06
3.40843e-06
2.15309e-06
4.18459e-06
3.02024e-06
-1.22827e-06
-3.23977e-06
4.8562e-06
5.33734e-06
6.9873e-07
2.01708e-06
1.80862e-06
1.36821e-07
8.83359e-07
3.32376e-06
6.82002e-06
8.42599e-06
-1.27636e-06
8.55694e-07
2.86282e-06
5.38554e-06
6.14804e-06
3.87577e-06
7.02684e-06
8.06435e-06
6.08911e-06
1.81707e-06
2.17893e-06
5.76369e-07
3.7683e-06
7.40415e-06
6.60436e-06
2.39735e-06
9.95526e-07
5.88431e-07
6.69334e-06
7.37056e-06
1.41961e-06
1.39769e-06
1.16229e-06
2.8306e-06
3.62057e-06
2.48061e-06
9.3719e-06
6.51763e-06
2.85397e-06
1.26232e-06
2.72033e-06
6.16713e-06
5.46847e-06
3.11061e-06
3.14417e-06
7.04222e-07
1.21686e-06
1.29173e-06
1.71153e-06
2.53052e-06
-3.11256e-08
3.05113e-07
1.81985e-06
5.98697e-07
-4.22175e-07
-3.08114e-07
4.26139e-07
5.19769e-07
-7.82701e-08
-5.61647e-07
-4.08052e-07
8.05967e-09
2.79273e-07
3.4094e-08
5.37718e-07
2.57645e-07
-2.81356e-07
-1.32822e-07
2.93209e-07
3.38137e-07
1.24883e-07
8.00866e-07
2.74301e-06
1.72143e-06
-3.70789e-07
-5.1464e-08
7.76889e-07
6.48465e-07
7.99939e-08
-4.61556e-07
-4.67686e-07
-1.7963e-08
4.03226e-07
-1.94132e-07
7.26824e-07
-7.78702e-08
-4.7014e-07
-2.12017e-08
4.17375e-07
5.4714e-07
1.45634e-06
1.15878e-06
1.03258e-06
2.99726e-06
1.72302e-06
-1.92519e-07
-1.38282e-06
2.63082e-06
9.18668e-07
1.14264e-06
1.48643e-06
1.58899e-06
1.7844e-06
-1.89488e-07
1.24048e-06
-1.56237e-07
-6.84708e-08
-1.58108e-07
9.08071e-07
2.35442e-06
5.9358e-06
1.39429e-05
1.8218e-05
4.02759e-06
3.55947e-06
6.10749e-06
-6.92108e-07
-7.0877e-06
1.17415e-05
1.29275e-05
2.2103e-06
3.41841e-06
3.27398e-06
3.42681e-06
4.99908e-06
4.507e-06
1.78089e-06
1.50623e-06
2.13628e-06
1.3689e-06
9.64063e-06
1.19761e-05
3.41896e-05
2.24551e-06
-6.12632e-08
1.00002e-05
9.45765e-06
-1.1472e-05
2.22539e-05
1.99142e-05
2.70889e-06
3.75819e-06
2.68995e-06
-2.75283e-06
4.10786e-06
1.14189e-05
2.0331e-06
3.51801e-06
3.90875e-06
-8.1171e-06
-2.39782e-06
-6.18932e-07
3.90778e-05
7.61643e-06
3.49034e-06
5.57097e-06
4.65536e-06
-8.47599e-06
2.17738e-05
3.00201e-05
6.07702e-06
8.67096e-06
6.80669e-06
5.15539e-06
1.30126e-05
1.00677e-05
2.78466e-06
4.28863e-06
1.01489e-05
3.27073e-07
9.78696e-06
7.2521e-06
2.35126e-05
1.41531e-05
5.44114e-06
8.9706e-06
9.01376e-06
-1.47359e-07
8.99024e-06
1.23764e-05
2.87455e-06
5.88055e-06
-1.4489e-07
6.72716e-06
1.20144e-05
4.00862e-06
5.197e-06
6.8953e-06
5.2306e-06
-1.56709e-06
8.50336e-06
6.12328e-06
2.97313e-06
8.15164e-06
8.54645e-06
2.96698e-06
6.62954e-06
2.00909e-05
1.54724e-05
1.20264e-05
6.83612e-06
3.7915e-06
-2.46409e-06
-2.90501e-06
5.35598e-06
4.69322e-06
7.40956e-06
6.53604e-06
9.81852e-06
5.83504e-06
1.03987e-06
-1.54054e-06
-1.8552e-06
1.05407e-06
3.20079e-06
3.96422e-06
-1.06608e-06
1.25591e-05
2.34149e-05
2.00609e-05
5.36529e-06
4.8679e-06
1.26336e-06
5.56021e-06
-1.32808e-06
2.26357e-06
2.36604e-06
1.6534e-06
5.49522e-06
7.40825e-06
3.25933e-06
2.32826e-06
7.97306e-07
2.98919e-06
1.47167e-06
2.45045e-06
3.14265e-06
3.01303e-06
2.09038e-06
1.49644e-06
3.08912e-06
2.10001e-06
2.10742e-06
2.60164e-07
-3.75613e-06
-1.74599e-06
-5.392e-06
-1.16278e-06
5.86982e-06
7.64668e-06
3.24917e-07
-3.40644e-07
6.87247e-07
2.83186e-06
3.00657e-06
2.23954e-06
2.55004e-06
4.74572e-06
3.68843e-06
1.18004e-06
7.33377e-07
-1.40597e-07
1.54291e-06
8.97042e-07
-2.53116e-07
-2.15486e-06
-1.86118e-06
1.13387e-06
6.68462e-06
7.7311e-06
7.5262e-07
6.87886e-07
7.06326e-07
2.3892e-06
2.23735e-06
7.00395e-07
-1.28904e-06
3.96598e-07
1.11558e-06
2.0648e-06
2.02798e-06
1.69387e-06
1.51794e-06
3.34682e-06
2.83921e-06
-3.68853e-06
-1.21555e-06
5.45885e-06
6.52347e-06
1.74071e-06
-4.36503e-08
-4.71052e-07
-5.76056e-08
-3.17373e-07
-1.58513e-07
7.72866e-07
1.62241e-06
3.07022e-07
1.84656e-07
1.20047e-07
1.95475e-07
1.71008e-07
1.32661e-07
-3.46682e-07
8.83788e-07
-2.48753e-07
-8.43193e-07
2.33519e-07
1.29089e-06
7.7192e-07
3.47607e-08
-5.38716e-07
3.57592e-07
7.79302e-08
-1.63171e-09
9.54132e-07
2.74692e-06
6.86898e-07
5.62269e-07
4.20515e-07
3.00149e-07
3.80399e-07
3.15726e-07
-4.69959e-07
1.51198e-06
-3.75723e-07
-9.95014e-07
1.7231e-07
1.82293e-06
1.60471e-06
6.62827e-07
1.33894e-06
1.36622e-06
2.25554e-06
5.82739e-07
-3.26718e-06
3.22144e-06
2.28105e-06
9.62183e-07
1.17986e-06
7.81648e-07
1.32139e-06
2.96771e-06
-1.17464e-06
3.92726e-06
2.65357e-07
-7.1682e-07
2.79539e-07
1.09494e-06
3.93183e-06
5.04611e-06
1.16634e-05
1.04284e-05
7.1982e-06
1.23027e-06
2.56121e-06
-3.7e-07
6.07616e-07
9.91247e-07
1.3228e-05
4.77044e-06
8.80868e-06
1.43729e-05
6.98961e-06
8.57388e-06
7.93379e-06
2.84463e-06
-5.70874e-07
5.60508e-07
2.69351e-06
2.60974e-06
1.96522e-05
1.66487e-05
8.47365e-06
6.102e-06
6.73248e-06
1.34222e-05
-6.78115e-06
4.21025e-06
1.95436e-05
8.02485e-06
4.90387e-06
9.55462e-06
6.89925e-06
2.38137e-05
1.10619e-05
4.86812e-06
5.2355e-06
1.59063e-06
-5.28192e-06
-1.21672e-06
2.7413e-05
2.71565e-05
6.17069e-06
3.55091e-06
-9.52991e-07
-1.58505e-07
-6.61638e-06
8.11476e-06
2.12045e-05
8.1077e-06
9.96854e-06
8.58628e-06
7.78001e-06
2.21985e-05
9.70914e-06
-4.26488e-06
3.93906e-06
4.75533e-06
9.46581e-06
8.51158e-06
3.14158e-05
3.32217e-05
1.55456e-06
8.02786e-07
5.25024e-06
7.20777e-06
-5.1438e-06
5.46894e-06
1.16605e-05
2.24423e-06
4.72338e-06
4.67322e-06
1.40363e-06
1.00235e-05
3.51049e-06
1.28118e-06
7.21445e-06
3.63967e-06
3.63096e-07
2.59807e-06
9.9481e-06
1.25406e-05
5.26983e-06
5.49409e-06
-7.65065e-07
4.97953e-07
6.88528e-06
9.99906e-06
6.89044e-06
4.41218e-06
3.34347e-06
-1.47706e-06
-6.09958e-06
-4.1664e-06
3.41659e-06
7.60035e-06
4.63424e-06
8.23366e-06
1.81757e-06
6.54715e-07
-3.53897e-07
-4.00733e-07
4.75187e-07
1.24386e-06
3.0386e-06
2.57705e-06
7.27007e-06
1.03123e-05
1.009e-05
8.47277e-06
7.9714e-06
8.07622e-06
9.77151e-06
-2.59286e-06
-5.99508e-07
3.45338e-07
5.24437e-06
9.2738e-06
1.84261e-06
4.77722e-06
2.24243e-06
2.4916e-06
4.73817e-06
1.62514e-06
1.58704e-06
4.44783e-06
9.26565e-07
2.8009e-07
1.48424e-06
6.28555e-07
1.6636e-06
5.96523e-06
4.42172e-06
-4.75554e-06
-4.11929e-06
-4.46992e-06
-6.09936e-07
4.27563e-06
6.85201e-06
2.6294e-06
2.66279e-06
2.94226e-06
3.4141e-06
4.38608e-06
3.78222e-06
3.69088e-06
2.38431e-06
2.79723e-06
2.23947e-06
-4.74768e-08
-9.23464e-07
-8.59241e-07
2.07975e-06
8.66802e-07
1.08458e-06
1.36624e-07
1.66581e-06
7.46554e-06
8.343e-06
-1.47353e-06
-3.97973e-06
-4.30526e-07
2.09559e-06
2.81405e-06
5.64777e-07
-1.33672e-06
-3.68112e-07
1.22707e-06
9.40695e-07
-7.81808e-07
6.72674e-07
5.72488e-07
3.98967e-06
4.10694e-06
9.25304e-07
1.85619e-06
6.99991e-06
5.08103e-06
3.32422e-06
3.1557e-07
2.78832e-07
6.841e-07
1.18447e-06
5.28502e-07
1.3079e-07
9.59658e-08
3.65287e-07
1.15437e-07
9.81126e-07
2.35548e-07
-2.80404e-07
9.93374e-07
1.33206e-06
1.44306e-07
1.22935e-06
1.16584e-06
6.54675e-07
-1.29323e-07
-2.55248e-07
3.82996e-07
4.50879e-07
7.91717e-07
1.5859e-06
8.87182e-07
4.22542e-07
2.55978e-07
3.98842e-07
-1.00473e-07
8.39688e-07
7.59371e-07
-4.72191e-07
8.19387e-07
1.71123e-06
3.43787e-08
1.09494e-06
1.55399e-06
1.16987e-06
5.49666e-08
-1.11875e-07
1.05356e-06
-5.23962e-07
2.86886e-07
1.23579e-06
1.06501e-06
1.09028e-06
6.00032e-07
6.42445e-07
-6.63101e-07
-1.56821e-07
5.04105e-07
-9.44919e-07
-2.10007e-06
3.83497e-06
-1.642e-07
2.27539e-07
8.70731e-07
2.1568e-06
1.37476e-06
2.50385e-06
1.32197e-06
2.48738e-06
-1.91301e-06
5.79924e-06
5.91214e-06
3.78508e-06
8.45341e-07
5.55797e-07
5.7933e-07
2.20067e-06
-6.46806e-07
1.10566e-06
-1.07127e-06
1.39751e-05
5.7308e-06
5.85222e-06
2.31074e-06
1.4373e-06
2.67694e-06
3.84786e-06
5.26318e-06
5.05183e-06
-7.46897e-06
-9.12944e-07
1.24656e-05
3.99599e-06
2.93353e-06
3.83338e-06
-1.9935e-06
3.0835e-06
-3.06772e-06
8.74763e-06
7.39432e-06
1.22539e-05
5.01144e-06
6.62644e-06
1.76929e-06
4.99197e-07
4.58207e-06
-9.53396e-06
7.94715e-06
7.77052e-06
1.25221e-06
-9.89175e-06
1.02205e-05
3.79284e-06
3.49192e-07
2.0034e-06
-4.90999e-08
1.98996e-06
-3.13405e-06
1.78455e-05
1.92019e-05
1.53593e-05
6.04453e-06
-4.90211e-06
1.90381e-06
5.03872e-07
1.12275e-05
9.18964e-07
-2.4559e-06
6.53669e-07
2.69117e-06
-2.53555e-06
1.79231e-05
1.28684e-05
-1.37483e-06
-4.39386e-07
-1.53363e-06
-1.54949e-07
2.61425e-06
1.09584e-05
1.15254e-05
7.71522e-06
2.28511e-06
2.76793e-07
6.11253e-06
1.91686e-06
2.39116e-06
3.30108e-06
-1.08963e-06
1.37782e-06
1.88073e-06
2.66309e-06
1.1617e-05
3.7485e-06
8.25195e-07
3.71888e-06
-1.62861e-06
1.19812e-06
5.55348e-06
5.47346e-06
1.80191e-06
1.74238e-06
2.71644e-06
1.7633e-06
2.3973e-06
5.73033e-06
2.24131e-06
6.76605e-07
8.61447e-07
7.0941e-08
-1.81545e-07
5.1333e-06
-4.99372e-07
-9.93335e-06
-3.79555e-07
-9.58393e-07
1.05699e-06
4.02587e-06
9.35254e-06
8.6877e-06
6.84316e-06
7.30846e-06
3.90094e-06
2.06703e-06
1.06284e-06
4.62805e-06
4.96232e-06
3.59468e-06
2.3175e-07
5.01549e-06
4.03566e-06
2.29291e-06
6.01259e-08
-2.6522e-06
2.9391e-06
1.10377e-06
-5.6663e-07
2.45591e-06
2.69616e-06
7.87438e-06
4.07947e-06
2.59693e-06
3.68904e-06
2.43118e-07
7.91485e-07
5.4986e-06
3.75585e-06
-2.04195e-06
7.75438e-06
9.62541e-06
8.60414e-06
6.45337e-06
7.6011e-08
1.9482e-06
5.55749e-06
3.09971e-06
-8.1805e-07
-3.38841e-07
2.07198e-06
9.69044e-07
2.15912e-06
2.45308e-06
6.54449e-06
7.26163e-06
4.09781e-06
5.96005e-06
5.22633e-06
1.70276e-06
7.42259e-06
8.35351e-06
1.1567e-05
9.74742e-06
5.12417e-06
6.04278e-06
4.48493e-06
8.55436e-07
8.80356e-08
1.6319e-06
1.94767e-06
3.13171e-06
2.45936e-07
1.84959e-06
-1.40325e-06
1.74618e-06
3.03934e-06
2.49821e-06
1.52161e-06
2.14303e-06
-7.4993e-08
3.4432e-08
-7.72116e-08
-9.0638e-08
1.68509e-07
2.62766e-07
3.20828e-07
2.58766e-07
6.6695e-08
-2.95057e-07
5.48868e-07
1.15137e-07
-2.16997e-07
-3.2057e-08
2.76132e-08
7.24214e-07
1.28635e-06
7.19921e-07
3.2545e-07
3.46934e-07
-1.00017e-08
1.53501e-07
5.9915e-09
-1.08885e-07
4.83396e-07
3.99733e-07
3.90661e-07
6.13757e-07
-3.58895e-08
-6.16847e-07
9.82241e-07
4.18733e-08
-2.79905e-07
1.85357e-07
4.68259e-07
6.58378e-07
1.89101e-06
8.59728e-07
5.05767e-07
6.00118e-07
-8.7443e-08
3.62781e-08
4.11304e-07
9.4124e-08
1.23868e-07
8.04118e-07
3.94988e-07
5.80178e-07
2.60325e-06
9.28054e-08
1.84453e-06
2.51861e-06
-7.75157e-07
-2.77438e-07
2.92412e-06
5.89396e-07
1.86334e-06
2.41241e-06
2.38539e-07
3.57205e-06
4.8059e-07
6.21872e-07
-1.23546e-06
-1.51955e-06
2.26977e-06
2.23932e-06
1.18965e-06
2.298e-07
9.55581e-07
1.96701e-06
9.94854e-07
5.57117e-06
8.55632e-06
-7.57528e-07
-1.07047e-06
1.2925e-06
-9.52079e-06
2.54039e-06
6.91343e-07
8.41802e-06
2.43255e-06
2.50479e-06
-4.02897e-06
-5.5627e-06
3.80809e-06
6.69496e-06
5.2758e-06
4.02708e-06
1.38267e-06
1.30967e-06
-7.95462e-07
7.03836e-06
1.3337e-05
5.29074e-06
6.81324e-06
7.53654e-06
2.83071e-06
2.70017e-08
4.49802e-06
6.83427e-06
1.44037e-06
5.43084e-06
4.19142e-06
2.44543e-06
3.03575e-06
2.63479e-06
4.44861e-06
5.33982e-06
-3.9595e-06
-7.72646e-07
-1.22969e-07
8.88269e-06
8.89455e-06
9.10734e-06
7.32285e-06
4.89733e-06
1.86814e-06
5.15919e-07
5.54675e-06
2.45341e-06
1.34869e-06
5.50125e-06
1.06482e-05
9.69203e-06
2.85915e-06
4.92674e-06
4.09668e-06
-2.3952e-07
-1.54352e-06
-1.73948e-06
1.66475e-06
4.20629e-06
6.73648e-06
8.97555e-06
5.46297e-06
1.85285e-07
3.2143e-06
4.51976e-06
4.05908e-06
2.80718e-06
1.28258e-05
9.39749e-06
5.49361e-06
5.9352e-06
1.52019e-06
2.93701e-06
3.47464e-06
1.07922e-06
-2.41952e-06
-6.10151e-07
1.03768e-05
9.94155e-06
8.26108e-06
2.5895e-06
3.06178e-06
-6.81326e-07
2.67788e-06
7.50331e-06
5.93464e-06
1.00357e-06
1.01245e-05
6.85252e-06
8.69269e-06
8.58455e-06
9.11148e-06
4.85334e-06
3.92474e-06
1.74905e-06
5.80662e-07
-1.89266e-07
7.54061e-06
9.75984e-06
1.24619e-05
1.02737e-05
2.49324e-06
-5.58369e-07
1.23782e-06
5.42394e-06
4.17658e-06
3.29423e-06
-5.50552e-07
6.13742e-06
7.10156e-06
3.64413e-06
6.17912e-07
1.09007e-06
3.15612e-06
1.54901e-06
-3.55299e-06
1.04261e-07
4.20449e-06
4.80387e-06
4.99973e-06
5.97696e-06
2.88424e-06
-2.59626e-07
1.65648e-06
3.98558e-06
-1.79159e-06
-5.00201e-07
5.70913e-07
8.0267e-07
6.04916e-06
8.25792e-06
6.36056e-06
3.28063e-06
1.04174e-06
1.079e-06
2.81316e-06
1.13189e-06
2.52443e-06
3.30852e-06
3.31568e-06
7.14821e-06
6.27479e-06
1.10872e-05
1.26198e-05
6.9545e-06
3.6198e-06
1.77039e-06
9.17555e-06
2.38432e-06
2.49162e-06
5.44365e-06
7.93209e-06
6.98804e-06
1.26453e-06
1.56145e-06
-6.64535e-08
2.40447e-06
3.71905e-06
3.48467e-06
3.65342e-06
2.99005e-06
2.57531e-07
1.11004e-06
5.12907e-06
2.80259e-06
1.57668e-06
4.33013e-06
2.52188e-08
-1.99566e-07
-2.66748e-07
-3.24203e-07
-4.96125e-08
1.55486e-07
2.18654e-07
3.39482e-07
2.31965e-07
4.74632e-07
8.40026e-07
-1.18629e-07
4.54279e-07
2.08028e-06
6.93644e-07
1.62678e-08
5.97554e-08
-4.65556e-08
3.56325e-08
-6.97057e-08
-1.02657e-08
-2.41622e-07
-3.04012e-07
-4.15504e-07
3.56377e-08
1.14366e-07
2.84976e-07
4.43439e-07
2.72011e-07
9.86607e-07
1.06147e-06
-2.48918e-07
2.40311e-07
3.35175e-06
2.11633e-06
4.05008e-07
3.14396e-07
1.30359e-07
1.5996e-07
2.98888e-07
-2.0466e-07
-4.59709e-07
-1.55315e-07
-3.05932e-07
-6.9292e-08
-4.49179e-08
3.77739e-07
5.884e-07
1.08783e-06
3.78759e-07
6.59064e-07
-1.47344e-06
-1.69483e-06
-1.49355e-06
7.99277e-06
2.80169e-06
-1.19747e-07
7.32162e-07
1.49142e-06
3.89239e-06
4.6292e-07
-7.37875e-07
-1.58992e-06
4.33977e-06
9.17595e-06
3.6957e-06
-1.94261e-06
-5.84573e-07
3.00851e-06
1.82981e-06
2.00894e-06
2.6324e-06
3.64684e-06
-1.9123e-06
2.89563e-06
8.99394e-06
4.83922e-07
1.58521e-06
6.81518e-06
1.1731e-05
-1.39113e-06
5.35629e-07
-3.09098e-07
4.76235e-06
6.60462e-06
2.37381e-06
-3.72433e-06
-4.60817e-07
2.45709e-06
7.44818e-07
9.92259e-07
5.69247e-06
5.9676e-06
1.06731e-06
-1.99006e-06
6.74031e-06
4.11298e-06
-1.46647e-06
5.79472e-06
8.45769e-06
-9.15836e-07
7.26921e-07
2.38142e-06
-1.25809e-06
-6.23119e-06
-1.57802e-06
1.05567e-06
1.01661e-05
-4.24553e-06
-4.25884e-06
-1.60388e-06
4.95851e-06
5.91955e-06
5.40107e-06
3.31994e-06
3.92059e-06
1.00259e-06
1.13504e-06
2.45259e-06
2.77408e-06
5.53571e-06
2.55665e-06
6.8563e-06
2.61379e-06
-4.35049e-06
5.32337e-06
8.74675e-06
1.64962e-06
-7.36295e-06
-4.29989e-06
-1.76502e-06
2.41292e-06
4.69138e-06
3.36986e-06
4.8899e-06
4.63702e-06
2.8798e-06
4.21089e-06
3.70906e-06
4.40405e-06
1.52491e-05
4.0001e-06
7.8184e-06
5.66351e-06
-1.59929e-06
5.67431e-07
6.60775e-06
-4.77034e-06
-3.19362e-07
3.15338e-06
5.38354e-06
9.37391e-06
1.47232e-05
1.64113e-06
3.57413e-06
3.10998e-06
5.49453e-06
4.92218e-06
6.76723e-06
4.85615e-06
1.03111e-05
9.6529e-06
6.91569e-06
5.45478e-06
7.90861e-06
4.93584e-06
2.80441e-06
4.28982e-06
5.12249e-07
2.57085e-06
6.70624e-06
7.67173e-06
1.03699e-05
5.83162e-06
2.38988e-06
2.93754e-06
8.22294e-06
7.75804e-06
1.66307e-06
2.43091e-06
5.37691e-06
6.03082e-06
2.32289e-06
1.27132e-06
1.23503e-06
2.45951e-06
4.53272e-06
2.3373e-07
-2.5548e-06
3.37766e-06
4.4417e-06
4.07896e-06
4.66849e-06
6.98395e-06
3.9333e-06
-2.9695e-06
-1.37766e-06
3.64171e-06
4.6722e-07
-5.52372e-07
5.31214e-06
2.36519e-06
3.67731e-06
2.93162e-06
7.15313e-06
7.28827e-06
2.3566e-06
3.53882e-07
2.14729e-06
4.05934e-06
2.67123e-06
1.91365e-06
3.00953e-06
4.39429e-06
2.31791e-06
3.99156e-06
4.95819e-06
9.75476e-07
1.52124e-06
7.57959e-07
6.79402e-06
2.34239e-06
1.29997e-06
3.28551e-06
5.34633e-06
4.66947e-06
-1.09989e-06
1.23897e-07
-5.46686e-06
1.09035e-06
1.68002e-06
8.21032e-07
1.74195e-06
2.96175e-06
1.84052e-07
-1.64336e-07
1.94137e-06
3.44862e-06
1.3483e-06
3.56774e-06
2.58616e-07
-2.93479e-08
-1.61346e-07
-5.65478e-08
2.41142e-07
2.46489e-07
-5.96959e-08
-1.2496e-07
-3.33049e-08
2.80925e-07
-2.41825e-08
1.59122e-07
2.73663e-07
1.27617e-08
3.32439e-07
1.23123e-07
-8.75599e-08
-1.99186e-07
-1.50763e-07
1.48027e-07
3.10006e-07
-8.11726e-08
-2.48757e-07
-2.08742e-07
5.94406e-07
4.16246e-07
5.13447e-08
-1.43658e-07
2.00308e-07
3.28831e-07
-6.59831e-08
3.56017e-07
3.16686e-07
-9.29255e-08
3.85207e-07
2.36041e-07
-6.06464e-08
-2.30776e-07
-2.02122e-07
2.65203e-07
3.24008e-06
5.64815e-08
-2.65794e-07
-3.80443e-07
-7.5587e-08
-3.92926e-07
1.27292e-06
1.85151e-07
1.13226e-07
6.442e-07
-6.29055e-07
1.25367e-08
2.84036e-07
-3.9094e-07
8.08786e-07
8.43472e-07
8.82735e-08
-1.38097e-07
-5.2972e-07
1.44692e-07
9.07574e-06
1.22834e-07
6.3593e-07
1.21441e-06
-3.40163e-07
-1.77071e-06
2.70659e-06
5.6783e-06
2.34211e-06
7.57257e-07
4.23149e-06
3.18509e-06
9.21802e-07
1.70064e-08
5.63495e-07
1.56516e-06
3.62804e-06
2.05393e-06
-1.7801e-07
9.69727e-07
1.54884e-06
8.96014e-06
9.78979e-06
4.28292e-06
4.17099e-07
7.96658e-07
-1.96995e-07
1.16897e-05
3.24544e-06
1.32605e-06
6.42741e-06
9.66337e-06
5.66177e-06
3.67818e-06
1.31062e-06
5.48998e-06
7.36778e-06
2.20554e-06
2.21976e-07
-1.85178e-06
-5.95336e-06
2.06071e-06
2.04717e-05
2.79984e-06
-3.06156e-06
6.53147e-06
5.53699e-06
5.59176e-06
3.09179e-06
-1.79197e-06
-1.60631e-06
1.30209e-06
7.75525e-06
7.18797e-06
3.71687e-06
3.64205e-06
7.32113e-06
3.56071e-06
6.19862e-07
-1.40236e-06
-2.95773e-06
1.20623e-05
9.9248e-06
-1.80892e-06
-1.83974e-06
3.54225e-06
7.27956e-06
5.99593e-06
2.36804e-06
5.11371e-06
2.17352e-06
3.15178e-06
6.75987e-06
7.83297e-06
4.99522e-06
3.15381e-06
5.73041e-06
3.25203e-06
2.07655e-06
1.79701e-06
7.27539e-06
9.97667e-06
1.07963e-05
5.02845e-07
3.4243e-06
1.2411e-05
1.41907e-05
5.09519e-06
4.43519e-06
3.66839e-06
1.20417e-06
5.40508e-06
8.73887e-06
2.43813e-06
3.06378e-06
6.20911e-06
1.24362e-05
8.16973e-06
4.13967e-06
1.49593e-06
1.2062e-05
9.69353e-06
9.59162e-06
-9.5404e-07
2.26125e-07
3.86523e-06
1.00441e-05
1.1036e-05
1.30382e-05
-1.39557e-06
-1.16249e-06
3.61991e-06
6.61982e-06
6.15492e-06
1.53006e-06
4.24752e-07
7.79535e-06
8.06581e-06
3.06908e-06
2.75743e-06
9.41631e-06
9.93003e-06
7.81277e-06
1.18042e-06
4.33827e-06
4.8218e-06
6.723e-06
-2.79828e-07
-2.07965e-06
3.6231e-06
3.90011e-07
3.22368e-06
6.99368e-06
4.62201e-06
1.71818e-06
-2.12387e-06
-3.21372e-06
4.91122e-06
5.34754e-06
3.08062e-06
6.77977e-06
2.17559e-06
-2.1181e-07
-1.90635e-06
8.8148e-06
1.05351e-05
8.30445e-06
2.364e-06
8.41061e-06
1.13305e-05
8.99847e-06
-1.03357e-07
-1.9483e-06
2.33836e-06
2.62297e-06
7.41594e-07
-9.16495e-07
1.00487e-06
5.35046e-06
4.85841e-06
3.39057e-06
-4.50372e-06
-5.53873e-06
1.2553e-06
2.6213e-06
4.10891e-06
4.75652e-06
9.3406e-06
3.33065e-06
1.48273e-06
8.67601e-07
3.92306e-07
1.10454e-06
4.5285e-06
5.10345e-06
1.56128e-06
9.85995e-07
9.00208e-07
2.51261e-06
2.16162e-06
-1.74379e-07
-2.77937e-07
-1.5402e-07
-3.40335e-07
-3.21399e-07
-2.18686e-07
-1.0488e-07
-2.43009e-07
-3.04688e-07
-2.25449e-07
-7.47909e-08
9.30628e-08
1.48796e-07
2.94484e-07
5.60477e-07
9.364e-07
8.54547e-07
7.12948e-07
7.6768e-07
5.09998e-07
-1.26562e-07
-4.04657e-07
-1.94983e-07
-4.40021e-07
-3.19151e-07
-3.51159e-08
1.37307e-07
-1.12367e-07
-3.11941e-07
-2.57645e-07
-7.88117e-08
1.70869e-07
3.015e-07
3.91185e-07
6.60398e-07
9.25977e-07
1.10364e-06
7.53802e-07
7.58917e-07
4.45646e-07
1.40809e-06
-7.66087e-07
-2.0581e-07
-1.48207e-06
-1.46223e-07
-3.35194e-07
3.41699e-07
1.37974e-06
3.29512e-07
3.13769e-08
3.9818e-07
2.13301e-07
6.10092e-07
8.07763e-07
9.22812e-07
6.21833e-07
8.48306e-07
-1.18263e-08
-5.86203e-08
3.65258e-07
-3.08055e-06
-2.76958e-06
2.82577e-06
-2.40164e-06
7.26164e-07
9.46119e-06
4.16057e-06
4.5397e-06
-1.88034e-06
-1.03377e-06
-7.83286e-07
-2.49005e-06
1.93491e-06
3.42852e-06
2.66211e-06
4.56113e-06
2.61052e-06
1.53059e-06
1.04121e-07
1.96536e-07
3.03016e-06
-6.05815e-06
-6.44334e-07
4.81182e-06
2.88177e-06
2.55144e-05
2.04559e-05
9.007e-07
-1.27939e-06
3.3268e-06
5.21738e-07
-2.52909e-06
4.4324e-06
5.99458e-06
2.22484e-06
3.88808e-06
6.80358e-06
4.54068e-06
3.1557e-06
1.03331e-06
1.08123e-06
9.76053e-07
-3.67277e-06
1.3945e-05
6.21425e-06
2.52823e-05
1.72544e-05
4.86068e-06
1.73392e-06
2.88891e-06
-2.80509e-08
2.85668e-06
1.10565e-05
6.85078e-06
4.44598e-06
6.09376e-06
6.63692e-06
4.579e-06
3.56868e-06
5.34042e-06
-1.30183e-06
1.34146e-06
-3.91102e-06
1.86251e-05
8.83432e-06
7.09598e-06
4.87103e-06
1.63632e-06
1.97953e-06
1.61643e-06
3.14867e-06
9.82175e-06
1.70053e-05
3.68887e-06
4.57318e-06
1.65752e-06
2.8308e-06
6.30232e-06
5.07904e-06
3.83632e-06
-6.40743e-06
2.06199e-06
2.09951e-05
9.64048e-06
1.00559e-05
6.83813e-06
-1.04305e-06
9.22598e-07
1.3918e-06
2.63595e-06
8.18193e-07
7.01689e-06
5.0324e-06
6.91556e-07
5.22966e-06
8.19532e-06
1.26062e-05
1.04096e-05
8.57895e-06
6.43607e-06
1.44101e-05
9.68183e-06
1.7261e-05
7.72416e-06
7.88582e-06
7.03254e-06
4.50507e-06
4.06201e-06
2.03906e-06
1.97435e-06
1.51308e-06
4.05122e-06
4.17423e-07
-5.44868e-06
1.03827e-05
1.17371e-05
9.26128e-06
4.8063e-06
4.01887e-06
4.88575e-06
5.68105e-06
8.61962e-06
6.62333e-06
1.15401e-05
5.3553e-06
-3.09911e-06
-1.3462e-06
4.46522e-06
3.65892e-06
4.77573e-06
5.5082e-06
3.81898e-06
4.54628e-06
3.39426e-06
4.76052e-06
6.05732e-06
-7.68816e-07
2.59976e-06
9.6815e-06
3.96959e-06
-4.91677e-06
-8.42046e-06
1.03567e-06
1.16424e-05
8.49794e-06
4.21614e-06
5.8763e-06
9.63573e-06
7.14052e-06
6.83503e-06
5.27394e-06
4.83781e-06
-1.14963e-05
-4.40553e-06
8.90036e-07
1.41544e-06
5.90794e-07
3.87029e-06
5.55791e-06
4.39642e-06
-3.84117e-06
-8.20914e-06
-1.56791e-06
5.92161e-06
7.40223e-06
5.12378e-06
4.6013e-06
3.92096e-06
4.22479e-06
4.3282e-06
3.39028e-06
2.33315e-06
-1.3381e-06
-7.61413e-07
2.04096e-06
2.78458e-06
2.05585e-06
1.5976e-06
1.72696e-06
1.80833e-06
3.97129e-07
1.43255e-08
-4.76533e-07
-1.55181e-07
-6.87859e-08
-3.31809e-07
6.39913e-08
1.44851e-07
-2.29261e-07
-5.09556e-07
-6.88503e-07
-4.56856e-07
-4.05056e-07
-2.10158e-07
-4.59283e-07
-2.01235e-07
1.73211e-07
1.8206e-07
6.79031e-07
8.43422e-07
5.97576e-07
-2.39072e-07
-5.03912e-07
-4.80257e-08
-1.85538e-07
-3.95672e-07
2.75195e-08
2.89565e-07
-3.47937e-08
-2.98026e-07
-7.92234e-07
-6.53017e-07
-4.69724e-07
-2.25541e-07
-5.0518e-07
5.40522e-08
2.44309e-07
1.53496e-07
8.35128e-07
1.2285e-06
1.1176e-06
-4.82345e-08
-6.96419e-07
8.94479e-07
9.2198e-07
-2.88968e-07
1.04756e-07
7.83178e-07
1.1556e-06
2.16616e-06
4.83463e-07
-5.32127e-07
2.76076e-07
4.4516e-07
-2.82729e-07
4.40021e-07
7.02101e-07
-5.26463e-07
1.32327e-06
4.6637e-07
3.29706e-06
2.96509e-07
-1.12492e-07
3.33136e-07
1.53921e-06
5.56068e-06
7.26931e-06
3.60467e-06
-2.2095e-07
7.62713e-07
-1.09969e-06
7.64105e-07
6.03564e-06
6.89633e-06
3.32385e-06
2.7994e-06
4.58862e-06
2.65923e-06
3.32362e-06
3.95164e-07
2.36599e-06
-2.00067e-06
1.52068e-06
2.23648e-06
3.20621e-06
1.15229e-05
2.66146e-06
-5.79021e-06
2.67554e-06
4.69056e-06
-2.14979e-06
-1.55357e-06
7.33051e-06
3.9276e-06
7.9376e-07
6.19147e-06
3.70082e-06
4.32286e-06
2.55387e-06
4.62934e-06
7.24406e-06
-1.66175e-06
-4.36e-06
5.02959e-06
3.08779e-06
8.72789e-06
1.32068e-05
4.19999e-08
6.73483e-07
-9.1264e-08
1.48068e-06
5.06735e-06
7.84741e-06
-3.23549e-07
4.34923e-06
1.27137e-05
1.12667e-05
5.8188e-06
3.68709e-06
4.36199e-06
2.32584e-06
1.13313e-06
-2.35091e-06
3.67317e-06
1.93735e-06
3.24582e-06
2.70197e-06
5.07831e-06
8.76309e-07
2.38453e-06
4.45339e-06
2.0118e-05
1.41673e-05
-5.72727e-06
9.74295e-07
4.61645e-06
2.65526e-06
7.98125e-06
5.32605e-06
3.08417e-06
-5.41817e-06
-8.14045e-06
1.21826e-05
8.77012e-07
2.57367e-06
-3.13779e-06
-8.19285e-06
8.68737e-07
5.095e-06
5.28435e-06
4.76255e-06
1.20744e-05
4.36729e-06
1.63198e-06
1.94045e-06
5.61601e-06
7.12976e-06
5.43913e-06
6.21479e-06
1.13913e-05
9.25295e-06
8.80281e-06
1.52638e-05
3.19015e-06
4.98686e-06
2.5175e-06
-4.2074e-06
-7.36162e-06
-3.48724e-06
4.11288e-06
8.16617e-06
6.70194e-06
-1.85056e-06
-7.76664e-07
1.08029e-05
8.41758e-06
5.41771e-06
7.66361e-07
3.73425e-06
1.12169e-05
7.45642e-06
1.19857e-05
6.04512e-06
5.96377e-06
2.54137e-06
-5.92964e-06
-6.59412e-06
-5.47414e-06
-4.39568e-06
4.74722e-06
3.60921e-06
2.90027e-06
1.37588e-06
2.40514e-06
4.18323e-06
2.72229e-06
9.39515e-07
6.66372e-06
7.47152e-06
1.41768e-06
2.33464e-06
1.66533e-06
5.81415e-06
9.50639e-06
8.32026e-07
-1.86388e-06
-4.47823e-07
3.97661e-06
7.77429e-06
8.69134e-06
2.17085e-06
-3.10945e-06
-6.92899e-06
-2.0004e-06
-5.95254e-07
1.63792e-06
3.3684e-06
3.12511e-06
6.00444e-06
6.85939e-06
5.06796e-06
2.40981e-06
1.49552e-06
3.42002e-06
1.5613e-06
-4.52976e-07
2.71786e-06
2.96274e-06
3.15072e-06
3.55764e-06
3.05197e-06
1.90389e-06
5.12532e-07
-9.21601e-07
4.13501e-06
4.05219e-06
1.72692e-06
9.02193e-07
3.92292e-06
4.05185e-06
6.0152e-07
9.72605e-07
9.35688e-07
1.23026e-06
4.41148e-07
4.59476e-07
3.61391e-07
5.16154e-07
5.10944e-07
4.51976e-07
5.78901e-07
1.52755e-07
3.05649e-07
-3.03378e-07
-3.65507e-07
-5.75615e-07
-5.25407e-07
-4.96812e-07
-5.15837e-07
2.89571e-07
1.84459e-07
1.01818e-06
8.77733e-07
1.53481e-06
7.13198e-07
4.33148e-07
5.19747e-08
-4.32519e-07
4.44175e-08
7.21688e-07
8.67423e-07
4.84408e-07
5.26459e-07
-5.13777e-07
-4.58993e-07
-2.79895e-07
-6.94513e-07
-2.15908e-07
-4.758e-07
3.58311e-07
-5.53591e-07
-8.84838e-07
-4.05378e-07
-8.01168e-07
1.76784e-06
9.60097e-07
3.73818e-08
-8.82821e-08
1.28864e-06
1.19478e-06
1.74372e-06
9.7761e-07
8.35967e-07
-3.53037e-07
1.35404e-06
1.03143e-06
4.83711e-08
-2.88263e-07
4.69232e-07
5.46596e-07
-3.01982e-06
2.3351e-06
7.01426e-06
-2.3663e-06
2.81533e-06
2.46921e-06
9.28362e-06
4.29299e-06
3.43509e-06
-4.15049e-06
4.99812e-06
3.46445e-06
3.67511e-06
2.72199e-07
3.73497e-06
5.04805e-06
1.30706e-05
1.48938e-06
-1.22398e-05
4.72454e-06
1.40681e-06
2.37794e-06
9.92017e-06
1.60992e-06
-2.33019e-06
3.58341e-06
1.32763e-05
2.62412e-06
1.95439e-06
-1.37428e-06
1.05006e-05
9.48479e-06
1.11355e-05
5.12965e-06
7.17516e-06
7.79075e-06
9.8444e-06
1.13068e-06
-3.56843e-07
1.19574e-05
1.97243e-06
1.11153e-06
3.68124e-06
6.68772e-07
-2.85317e-06
8.88981e-07
1.16184e-05
3.85455e-06
2.87618e-06
8.31935e-06
5.45388e-06
3.47803e-06
1.31739e-05
1.73545e-06
3.54237e-06
5.83654e-06
8.61257e-06
4.56585e-06
-1.81738e-06
-1.34451e-06
2.12949e-06
1.64347e-06
3.54964e-06
6.66781e-06
2.31903e-07
5.09586e-06
9.69339e-06
1.12481e-05
1.78326e-06
1.35738e-05
1.03504e-05
8.9779e-07
6.76331e-06
7.39281e-06
7.59753e-06
5.5204e-06
1.91968e-06
1.44667e-05
1.2491e-05
-1.02912e-05
1.09078e-05
5.29167e-06
4.25463e-06
5.64906e-06
4.71406e-06
1.06626e-05
6.18741e-06
5.86769e-06
8.76327e-06
6.77935e-06
1.15587e-05
6.99444e-06
1.29997e-05
3.20071e-06
1.96267e-06
8.44335e-07
2.47025e-06
5.61063e-06
1.05105e-05
1.1178e-06
4.8353e-06
4.16903e-06
4.15333e-06
8.99057e-07
5.0595e-06
5.48724e-06
-5.10152e-06
2.59823e-06
2.71489e-06
1.36865e-05
8.64488e-06
-4.92361e-07
3.25172e-06
4.34673e-06
3.71935e-06
4.85199e-06
6.00805e-06
-3.12872e-06
8.09772e-06
1.59036e-05
-1.65961e-06
-2.86077e-06
-2.58971e-07
2.45799e-06
6.85698e-06
3.47223e-06
-2.12734e-06
2.47643e-06
8.47796e-06
1.20717e-05
7.87877e-07
-6.27798e-06
-6.54948e-07
6.1738e-06
1.84675e-06
1.475e-06
1.49407e-06
-1.5157e-06
9.02467e-07
7.51598e-06
9.07586e-07
3.13938e-06
1.16303e-05
7.12661e-06
9.41959e-06
3.04809e-06
5.67261e-06
4.79222e-06
6.80122e-06
1.03747e-05
9.23477e-06
2.45083e-06
-1.31564e-06
-7.13114e-07
-7.60103e-07
3.08689e-06
-2.18242e-06
-7.99486e-08
3.30329e-06
4.14009e-06
2.43606e-06
6.61473e-06
8.35392e-06
6.03647e-06
4.53277e-06
2.62468e-06
3.54345e-06
6.10926e-06
6.36285e-06
6.28041e-06
4.51028e-06
5.95851e-06
7.78435e-06
9.20369e-06
9.67546e-06
7.60767e-06
8.07867e-06
-1.1171e-06
-5.0266e-06
-2.20318e-06
2.21745e-07
4.12418e-07
5.18458e-07
-1.61542e-07
6.46643e-08
-2.68732e-07
8.28592e-08
-2.14796e-07
-5.22366e-07
-3.45194e-07
-3.56933e-07
-4.125e-07
-4.868e-07
8.85364e-09
4.05338e-07
6.40084e-07
8.78102e-07
1.59164e-06
1.94057e-06
3.18928e-07
2.81763e-07
5.17461e-07
1.33929e-06
3.07901e-07
2.43859e-07
-2.45626e-07
2.81772e-07
-1.68439e-07
-6.80215e-07
-3.27032e-07
-5.01649e-07
-5.72066e-07
-6.28684e-07
-8.16428e-08
3.29266e-07
2.99202e-07
6.60469e-07
6.06075e-07
2.06532e-06
5.37185e-07
1.34742e-06
-3.8602e-06
1.13244e-06
3.32922e-06
3.38807e-07
-4.64212e-07
1.23607e-06
1.09816e-06
2.54261e-07
8.85873e-07
2.63989e-07
-3.65015e-07
-4.76382e-07
-4.45609e-07
2.37777e-06
-2.83535e-07
3.87775e-06
-7.2029e-06
7.6973e-07
1.64732e-06
1.24903e-06
2.31605e-07
3.52353e-06
1.22408e-05
7.54938e-07
2.81071e-06
-1.86269e-06
3.02084e-06
6.1638e-06
4.17583e-06
2.77271e-06
1.70177e-06
-4.12866e-07
3.05426e-06
1.45951e-06
2.91375e-06
9.32504e-06
-4.49912e-06
-7.50677e-06
5.55163e-06
6.5319e-06
1.40573e-05
5.13069e-06
5.3187e-07
-1.87246e-06
1.22322e-05
1.22661e-05
-6.27597e-06
7.61305e-06
2.36975e-06
6.02499e-06
1.07483e-05
-1.15341e-06
6.90391e-06
5.53863e-06
7.75411e-06
2.23882e-05
4.32139e-06
-9.61283e-06
1.03297e-05
3.43752e-06
1.58839e-06
2.01179e-06
1.57488e-06
-6.64594e-07
8.78264e-06
2.81567e-05
1.40302e-05
1.68766e-06
4.8234e-07
4.09999e-06
1.60329e-05
3.00457e-06
9.01928e-06
5.92164e-06
8.21694e-06
1.19863e-05
5.44734e-06
-6.91552e-07
7.08164e-06
1.3527e-06
7.496e-06
1.39651e-05
8.02972e-06
-3.15676e-06
4.4397e-06
2.01338e-05
1.12348e-05
6.73254e-06
2.6902e-06
5.29061e-06
6.58485e-06
6.04721e-06
1.84062e-05
6.1245e-06
7.33761e-06
1.08668e-05
5.12076e-06
6.07846e-06
2.37812e-06
-1.845e-07
8.15033e-06
1.30204e-05
4.02464e-06
5.87148e-06
9.36948e-06
1.33245e-05
9.03742e-06
2.67338e-06
-1.65357e-06
1.41351e-05
1.40856e-05
5.82244e-06
7.73826e-06
3.15613e-06
1.41747e-06
-1.36871e-06
-6.58646e-07
8.74682e-06
3.86153e-06
-1.58987e-06
4.25135e-06
4.62063e-06
-3.35486e-06
3.88402e-06
2.49487e-06
1.32504e-06
5.10197e-06
1.43757e-07
-4.90892e-06
1.17985e-05
1.28434e-05
6.79568e-06
6.01522e-06
4.44273e-06
1.4581e-05
6.77695e-06
-1.8062e-06
-1.56412e-06
8.08934e-06
2.98548e-06
5.05722e-06
2.16285e-06
-3.75313e-06
-1.16256e-06
4.32615e-06
4.30511e-06
-2.90364e-07
2.73233e-06
9.39896e-06
1.4491e-05
7.21458e-06
4.69248e-06
4.40255e-06
3.08922e-06
4.98102e-06
7.22565e-06
3.5576e-06
-8.62866e-07
2.18733e-06
1.27883e-06
4.19052e-06
3.81615e-06
1.99263e-06
7.1637e-06
2.54693e-06
4.13849e-06
2.9118e-06
-2.276e-08
4.2682e-06
1.10982e-05
8.3324e-06
4.05683e-06
-4.43208e-07
-1.12767e-06
5.96025e-07
-1.63586e-06
-1.01304e-06
1.6508e-06
8.08811e-06
2.66033e-06
2.70414e-06
3.91448e-06
3.10344e-06
1.81736e-06
2.48723e-06
3.54609e-06
7.7622e-06
6.17488e-06
4.10601e-07
-1.21252e-06
1.52649e-06
9.62709e-06
9.31553e-06
4.25098e-06
-1.08171e-07
4.22263e-06
3.70334e-06
4.92583e-07
4.81278e-06
-1.06299e-06
3.94312e-06
3.61681e-06
2.83031e-06
5.56197e-06
4.744e-06
-2.10538e-06
-7.39082e-07
-3.42811e-08
3.54e-06
6.11728e-06
2.27917e-06
3.22297e-06
7.61145e-06
5.11135e-06
1.01733e-06
4.1752e-06
1.24444e-05
1.38054e-05
6.99104e-06
4.62324e-07
1.12442e-05
7.52643e-06
5.17638e-06
-5.91956e-06
-8.76095e-06
-1.28776e-06
8.50191e-07
4.10111e-06
4.60028e-06
8.7673e-06
1.27332e-05
1.0244e-05
5.95393e-06
4.79841e-06
6.86834e-06
9.86377e-06
1.46046e-05
4.24594e-06
1.85481e-06
3.51592e-06
9.73299e-07
8.33567e-08
1.32336e-05
1.91796e-06
-1.27919e-07
3.817e-06
3.25838e-06
2.00073e-07
7.48841e-06
1.54025e-05
1.98316e-05
1.08786e-05
2.10012e-06
1.20334e-06
3.11317e-06
8.70492e-06
8.25432e-06
6.73667e-06
5.32936e-06
9.98415e-07
2.46952e-06
1.30925e-05
1.3281e-05
-3.06068e-06
7.76266e-08
3.50208e-06
7.23138e-06
2.56601e-05
1.67475e-05
1.17069e-05
4.58579e-06
-1.04884e-06
-3.96136e-06
1.83122e-05
1.54354e-05
7.7438e-06
6.05671e-07
-4.6103e-06
5.12987e-06
1.80748e-06
5.93746e-06
1.3289e-05
2.9287e-06
-6.33089e-06
2.42189e-06
-6.61373e-07
3.60556e-05
4.96662e-05
3.16079e-05
3.92727e-06
-4.1769e-06
1.05212e-05
7.27679e-06
4.61613e-06
6.5366e-06
6.96054e-06
1.02981e-06
7.06467e-06
4.76195e-06
1.36487e-05
1.10877e-05
1.83932e-06
-1.03356e-05
6.18606e-06
1.27058e-05
7.95441e-06
9.90983e-06
3.50504e-06
-7.40799e-06
7.43967e-06
-7.95746e-07
9.55434e-06
7.27165e-06
5.00853e-06
-1.0087e-06
3.21155e-06
4.98309e-06
9.30553e-06
9.72931e-06
1.78026e-05
-3.24651e-06
-6.00391e-07
-2.82868e-07
1.46476e-05
1.59498e-05
-6.40502e-06
-3.15571e-06
2.2064e-05
1.90897e-05
1.34856e-05
-3.11443e-06
5.10992e-06
1.43171e-05
-3.46798e-06
-3.59677e-06
6.66598e-06
-3.29746e-07
-6.5548e-07
7.04597e-06
-8.49003e-06
-1.01162e-05
1.47148e-06
4.77787e-06
8.56001e-06
-1.04438e-05
-1.62508e-05
-1.66117e-06
1.90235e-05
2.08685e-05
-2.71156e-06
-3.23073e-06
7.14226e-06
1.77996e-05
-9.2229e-06
-4.37527e-07
1.67886e-06
-4.28597e-07
-8.08324e-07
9.69783e-06
-1.20147e-05
-3.20384e-06
1.27895e-06
5.4523e-06
-4.86381e-07
-1.58913e-05
-1.59207e-05
-1.03715e-06
2.73369e-06
9.08919e-06
-2.33911e-06
-7.737e-06
-4.09802e-06
1.50421e-05
3.83548e-07
2.7879e-06
1.27226e-06
-2.48005e-07
1.95637e-06
8.59478e-06
1.71773e-06
9.5549e-07
-1.80356e-06
-3.12565e-07
-5.22315e-06
-5.45815e-07
7.40596e-07
4.89156e-07
-1.10598e-06
4.11268e-07
1.35777e-06
2.59523e-06
3.26508e-06
2.54122e-06
2.45462e-06
2.40998e-07
3.86163e-07
-1.0027e-06
-9.09603e-07
1.16626e-06
8.52788e-07
4.37815e-07
1.85385e-07
3.5312e-07
-3.23084e-08
1.13165e-06
1.30918e-06
4.85547e-07
-7.93319e-07
2.77187e-07
9.41801e-07
2.41529e-06
1.9944e-06
6.06647e-07
4.06195e-07
-6.08834e-07
-6.57356e-07
4.09001e-07
9.48637e-07
9.65055e-07
4.1134e-07
2.23877e-07
1.87565e-07
3.63691e-07
6.0941e-07
8.61149e-07
8.94425e-07
2.74218e-07
-5.41826e-07
-1.80147e-07
6.29722e-07
1.38688e-06
1.10861e-06
2.89557e-07
-4.56513e-10
-6.48665e-07
-6.12169e-07
3.76186e-07
8.20786e-07
1.40473e-06
7.74406e-07
5.53191e-06
4.40401e-06
3.91481e-06
4.88265e-06
1.39197e-06
7.51276e-06
4.23282e-06
2.61173e-06
3.93908e-06
5.57989e-06
4.76161e-06
9.35819e-06
6.40378e-06
5.93339e-06
6.17106e-06
3.19214e-06
6.31604e-06
5.96939e-06
5.43972e-06
1.05737e-06
5.87132e-06
8.28214e-06
1.67428e-06
-2.05971e-06
-9.33753e-06
1.7142e-06
4.12476e-06
1.28176e-05
1.03455e-05
5.26736e-06
1.89217e-06
8.16961e-07
1.27578e-06
-4.14277e-07
-1.2084e-06
3.07703e-06
7.71675e-06
1.26644e-05
1.20041e-05
-1.1079e-06
4.97048e-06
3.37681e-07
1.26152e-06
1.28477e-05
4.19197e-06
6.92248e-06
1.69035e-05
5.88014e-06
6.86088e-06
8.68624e-06
3.04192e-06
2.78727e-06
3.4029e-06
3.70242e-07
2.77696e-06
1.2172e-05
7.84959e-06
9.89571e-07
4.6685e-06
1.53524e-06
5.66271e-06
4.73793e-06
8.63027e-06
3.98078e-06
1.94046e-06
2.54554e-06
9.45703e-06
9.39e-06
6.87089e-06
7.21721e-06
2.21909e-06
-2.82647e-06
1.65703e-06
4.4017e-06
8.93655e-06
7.04421e-06
2.8286e-06
9.023e-06
5.94686e-06
-1.23967e-06
-1.06181e-06
1.19115e-05
9.46558e-06
5.3068e-06
-6.85137e-08
1.14176e-05
6.93864e-06
3.85884e-06
8.72802e-08
9.1904e-07
8.22186e-06
5.29312e-06
8.1282e-06
1.14726e-05
9.51506e-06
4.2252e-06
-1.01555e-06
1.18822e-05
9.70094e-06
1.06636e-05
4.69436e-06
7.42158e-06
1.32119e-05
5.1698e-06
4.05873e-06
3.43983e-06
7.71934e-06
-1.70403e-06
1.36631e-06
1.16101e-05
1.07619e-05
-2.76113e-06
1.56901e-05
1.64948e-05
9.63713e-06
5.83977e-06
3.58269e-06
2.16212e-05
4.03727e-05
1.70444e-06
1.66586e-06
5.65078e-06
9.30034e-06
8.33582e-06
4.08845e-07
-1.42209e-05
-6.37365e-07
-1.10547e-05
-5.43125e-06
4.52295e-07
1.1106e-05
-5.15027e-06
1.02747e-05
9.78589e-06
6.04091e-06
6.56545e-06
7.44804e-07
-6.0542e-06
1.70012e-05
-6.26251e-07
1.7985e-07
6.90691e-06
4.53831e-06
9.41239e-06
8.52603e-06
2.4114e-06
2.81269e-06
-2.90869e-06
3.97153e-06
7.36818e-06
1.30656e-06
9.22405e-06
6.71191e-06
5.90753e-06
4.32177e-06
3.5837e-06
5.66229e-06
4.06924e-06
5.40803e-06
1.78866e-06
3.51683e-06
6.96851e-06
9.64538e-07
1.02284e-05
-8.54379e-08
1.565e-06
3.53672e-06
-7.97446e-06
6.21522e-06
4.48562e-06
-3.88941e-06
2.12757e-06
1.65935e-05
1.40837e-05
-2.75639e-07
4.61655e-06
8.82875e-06
8.51561e-06
4.0444e-06
2.26108e-06
7.61312e-07
-3.08575e-07
8.25945e-07
7.40357e-07
3.07844e-07
6.82551e-07
2.44237e-06
2.50774e-06
2.69733e-06
1.87462e-06
-1.34418e-06
1.70788e-06
6.70611e-06
3.85117e-06
-1.50178e-06
4.12906e-06
2.47121e-06
1.59421e-06
-1.35075e-07
4.58601e-07
7.91163e-07
5.01396e-07
6.51737e-08
3.27896e-07
2.26192e-07
9.77103e-07
-1.69826e-08
1.11683e-06
2.76176e-07
-9.6754e-08
-6.48507e-07
6.14432e-07
4.95297e-07
-8.64166e-08
-9.25971e-08
1.64705e-06
-2.14997e-07
-2.44593e-07
-3.33407e-07
5.45697e-07
5.21309e-07
1.27165e-07
-1.9914e-07
3.36637e-07
-6.75871e-07
-4.4359e-07
4.57421e-08
1.03465e-06
1.82001e-07
-4.15022e-08
-1.33518e-07
6.17792e-07
1.9423e-06
3.59823e-07
1.06084e-06
8.58774e-07
-2.10572e-07
-3.5165e-07
-2.52287e-07
-1.15948e-06
2.64592e-07
3.116e-06
3.88158e-06
2.17497e-07
-1.21739e-06
1.38915e-06
3.0649e-06
3.54653e-06
4.42677e-06
5.04706e-06
3.4914e-06
4.70274e-06
8.23953e-06
9.4091e-06
5.54964e-06
1.48808e-05
1.86178e-05
9.40426e-06
6.93376e-06
-1.81541e-06
6.2235e-07
1.1871e-06
6.13788e-06
5.34429e-06
9.86562e-06
6.19334e-06
6.01915e-06
1.94242e-06
2.13491e-06
6.53669e-07
-2.01129e-07
-4.29582e-06
-2.19179e-06
1.55285e-06
2.45335e-06
5.64682e-06
8.49224e-06
-1.00449e-06
5.58225e-06
1.21258e-06
5.91091e-06
4.0894e-06
6.32498e-06
7.1926e-06
4.95694e-06
3.79799e-06
8.15778e-06
-1.42434e-06
-1.1698e-06
4.19675e-06
1.88659e-06
-1.46311e-06
1.24085e-06
3.6649e-06
3.18937e-06
1.81147e-07
-1.67036e-06
-3.36893e-06
-1.1956e-06
4.41061e-06
3.82952e-06
3.72627e-06
3.41668e-06
1.19735e-05
5.81573e-06
7.73529e-06
4.64568e-06
3.20055e-06
6.4358e-06
3.40415e-06
4.12873e-06
7.109e-06
2.82738e-06
2.80328e-06
1.58185e-06
3.37873e-07
2.25716e-06
-1.56836e-06
1.26828e-06
6.20034e-06
3.96901e-06
3.22237e-06
4.50226e-06
1.18991e-05
1.28569e-05
1.27383e-05
7.86127e-06
5.70532e-06
1.77153e-06
3.22627e-07
7.58792e-06
1.30965e-05
6.51379e-06
-6.14858e-07
1.02813e-06
1.59713e-06
5.35575e-06
7.7421e-06
4.6026e-06
7.36767e-06
6.00296e-06
6.18482e-06
2.60202e-06
-1.774e-06
1.58159e-06
7.01696e-06
7.39289e-06
7.50756e-06
-3.62501e-06
6.06398e-07
7.32769e-06
1.59251e-05
5.10492e-06
3.30303e-06
1.34955e-05
1.95057e-05
1.15916e-05
9.57567e-06
5.11112e-06
4.7354e-06
1.40694e-06
-3.22547e-07
-3.51702e-06
4.54149e-07
7.90823e-06
3.75744e-06
1.84523e-06
4.75684e-06
2.75869e-06
1.11524e-06
2.33776e-06
1.41968e-05
6.45853e-06
6.37907e-06
2.18576e-05
2.83576e-05
3.77294e-06
3.08698e-06
2.64864e-06
7.88783e-07
4.94667e-06
3.10441e-06
3.02751e-06
3.4642e-06
7.8286e-06
7.65747e-06
3.40298e-06
6.02667e-06
4.17529e-06
-9.1765e-07
-2.18847e-06
1.05304e-05
7.09652e-06
2.13798e-06
9.88881e-06
1.07958e-05
8.736e-07
2.44381e-06
3.04653e-06
3.6819e-07
3.56745e-06
2.27061e-06
7.61931e-06
5.56467e-06
4.3136e-06
1.28165e-05
3.02157e-06
4.29851e-06
2.89611e-06
1.50038e-06
-7.39525e-07
1.08284e-05
6.72973e-06
-4.70453e-06
3.07344e-06
9.16516e-06
1.13235e-06
-1.54808e-07
2.16474e-06
5.88231e-07
-7.1598e-08
-6.09881e-07
2.30998e-06
1.80143e-06
3.47115e-06
3.83272e-06
1.40009e-06
-6.6718e-08
1.55024e-06
9.24115e-07
-3.58094e-07
-4.13957e-06
-5.09122e-06
-6.74606e-06
7.60625e-06
1.44296e-06
-9.67074e-07
-1.61676e-06
-1.04763e-06
-6.16552e-08
-2.4124e-07
-3.28521e-07
9.41828e-07
-3.05074e-07
7.07735e-07
1.04161e-06
-1.61017e-07
5.41306e-07
6.26361e-07
1.49577e-07
4.9045e-07
-1.51474e-06
-5.16206e-06
4.38538e-06
3.50073e-06
5.35363e-07
-6.84527e-07
-9.45943e-07
-6.39967e-07
-4.58308e-08
-1.68557e-07
-1.35091e-07
5.62639e-07
-9.14031e-08
7.68535e-07
5.20326e-07
-2.87457e-07
4.89134e-07
3.97846e-07
1.19861e-07
3.94234e-07
-5.61483e-07
-5.76367e-07
2.64663e-06
3.24299e-06
1.18468e-07
-5.30865e-07
-6.0783e-07
-4.03322e-07
-2.45665e-07
2.23791e-06
2.27211e-06
2.02019e-06
2.91559e-09
1.79106e-06
2.31414e-06
2.74523e-06
3.07638e-06
2.70369e-06
-1.96943e-06
-4.8071e-07
2.17804e-06
7.37441e-06
1.02348e-05
4.01512e-06
1.15576e-05
1.01686e-05
-5.28731e-07
6.9656e-07
-7.80563e-07
-2.14887e-07
-1.85374e-06
7.02262e-06
1.20244e-05
1.22316e-05
9.25355e-06
2.33541e-06
2.77607e-06
5.78321e-06
-4.10558e-07
2.80374e-07
4.69086e-07
-2.53282e-06
2.76474e-06
4.67204e-06
5.85545e-06
-1.10894e-07
-7.1456e-06
7.95671e-07
-6.75436e-07
-6.43785e-07
3.47128e-06
1.00369e-05
7.44496e-06
3.57396e-06
3.29421e-06
4.82366e-06
1.8859e-06
2.58161e-06
1.36407e-06
-1.94188e-06
4.62035e-06
6.63686e-06
9.19869e-06
-1.41001e-06
-5.20963e-06
-3.17506e-06
-4.18215e-06
5.1316e-07
1.23543e-06
2.12301e-06
6.44215e-06
6.25368e-06
6.50228e-06
4.22731e-06
8.81456e-06
6.73219e-06
4.53537e-06
1.54594e-06
2.29046e-06
4.26073e-06
1.04274e-05
3.66024e-06
3.90082e-06
2.54046e-06
-8.92499e-07
2.08895e-06
-7.38864e-07
-1.35966e-06
3.69329e-06
6.79008e-06
3.17762e-06
2.01778e-06
5.56122e-06
5.62002e-06
8.29623e-06
6.43697e-06
4.79856e-06
8.33826e-08
2.50319e-06
6.87613e-06
1.09771e-05
5.52498e-06
3.72926e-06
2.13225e-06
2.77305e-08
5.88658e-06
4.81156e-06
6.98231e-07
3.48493e-06
1.21917e-06
-2.73519e-06
-3.67966e-07
8.92698e-07
4.35687e-06
4.26376e-06
9.86253e-06
1.31625e-05
-5.74419e-06
3.26387e-07
4.33806e-06
6.89441e-06
6.96594e-07
1.0614e-06
1.39857e-06
7.41731e-06
1.3975e-05
4.93691e-06
-1.07512e-06
1.13099e-06
-9.9031e-06
-2.71389e-06
4.0993e-06
3.06782e-06
1.20202e-05
9.39786e-06
6.89964e-06
1.00164e-05
3.09595e-06
-4.37665e-07
2.70756e-07
2.89193e-06
5.38189e-06
4.0862e-06
8.7694e-06
2.204e-05
1.35618e-05
6.8731e-07
-2.58128e-06
3.8954e-07
-7.97908e-07
5.14425e-07
1.42375e-05
6.55765e-06
1.28227e-05
4.88133e-06
5.46796e-06
9.81574e-06
7.66946e-06
-4.06779e-07
-7.0097e-08
7.64645e-06
9.81951e-06
3.95756e-06
3.31319e-06
1.49747e-05
9.37434e-06
2.33033e-06
-4.66003e-06
1.49176e-06
1.83343e-06
7.95616e-06
1.67943e-05
4.77504e-06
6.78165e-06
6.25135e-06
7.60016e-06
6.43072e-06
3.575e-06
2.08702e-06
9.09162e-07
1.58238e-06
3.48569e-06
5.17848e-06
-1.80169e-06
4.98543e-06
1.42847e-06
-1.7734e-06
-2.02449e-06
4.65233e-07
2.75413e-07
1.25431e-06
2.46079e-06
9.45497e-07
2.03695e-06
1.5302e-06
1.2e-06
-4.24961e-07
-1.66087e-08
2.09516e-07
-3.19972e-07
-4.70174e-07
1.83993e-07
-1.79439e-06
2.43588e-06
1.52213e-06
1.3962e-07
-1.62184e-06
-9.78857e-07
1.60821e-07
1.57548e-07
6.32082e-08
2.19061e-07
-2.22012e-07
2.5036e-08
-4.26975e-07
-7.34941e-07
-3.44612e-07
-5.09517e-07
-2.26696e-07
-4.04906e-07
-2.5814e-07
-3.54796e-07
1.27188e-06
2.54925e-06
5.6994e-08
-5.61471e-07
-7.10756e-07
-5.72623e-07
2.52768e-08
1.27736e-07
-3.57746e-08
-5.54288e-08
-2.70243e-07
-9.7456e-08
-6.10336e-07
-7.20726e-07
-4.17543e-07
-4.11191e-07
-2.52118e-07
-2.11283e-07
-2.98421e-07
9.09635e-08
1.6278e-06
1.26593e-06
8.49653e-09
-3.1279e-07
-5.26437e-07
-5.92904e-07
2.08374e-06
4.40206e-06
4.78767e-06
9.89146e-07
2.85161e-06
6.68049e-07
1.74613e-06
3.02679e-06
1.06048e-06
1.26706e-06
1.62318e-07
2.04372e-06
1.09575e-06
2.90223e-06
2.64862e-06
8.20439e-07
4.2403e-06
1.19021e-06
1.86349e-06
-2.3078e-06
2.479e-06
3.34294e-06
4.80524e-07
-2.92418e-07
6.31288e-06
1.14392e-05
5.69388e-06
3.55935e-06
6.48523e-06
4.96562e-06
7.96298e-06
9.2588e-06
7.22313e-06
3.08454e-06
3.3697e-06
5.5846e-06
3.75445e-06
1.16766e-06
9.56459e-06
4.39335e-06
5.42722e-06
2.18796e-06
6.47118e-07
2.36772e-06
7.39133e-07
6.96372e-08
-3.3497e-07
4.36678e-06
6.38579e-06
5.15837e-06
6.84073e-06
6.91802e-06
3.72162e-06
3.64332e-06
4.30784e-06
-2.56518e-06
-3.57883e-06
3.94604e-06
-6.19368e-07
2.24592e-06
2.95232e-06
2.72692e-06
3.94842e-06
2.8952e-06
-7.26637e-08
-5.91791e-07
1.41963e-06
6.34102e-06
7.22482e-06
6.31346e-06
8.28354e-06
6.08583e-06
3.14234e-06
2.73539e-06
5.41601e-07
-5.87843e-07
2.68667e-06
1.18468e-06
2.96372e-06
1.93363e-06
7.80557e-06
5.89844e-06
4.51359e-06
1.137e-06
3.24357e-06
4.34678e-06
7.82114e-08
3.07324e-06
-1.11995e-06
5.20748e-06
6.74083e-06
6.71293e-06
6.29983e-06
6.33878e-06
2.39094e-06
9.50291e-07
3.93219e-07
1.08884e-06
-9.80234e-06
-5.58663e-06
6.56815e-06
2.56614e-06
9.21079e-08
2.26127e-08
2.08337e-06
1.63662e-06
7.95073e-08
2.0765e-06
1.31339e-05
2.13598e-06
1.46186e-05
4.73563e-06
1.15205e-06
5.56123e-06
2.76431e-06
2.25169e-06
-4.67353e-07
8.76998e-07
-2.12704e-06
1.72972e-07
3.54414e-06
1.23082e-06
5.28635e-06
2.27374e-06
5.0887e-07
-5.08355e-07
7.541e-07
9.87415e-06
1.37444e-06
1.34434e-05
1.09478e-05
4.60936e-06
6.08525e-06
6.52105e-06
1.0186e-05
2.67844e-06
8.77346e-06
3.13057e-06
3.87831e-06
8.85204e-06
2.03462e-06
1.48579e-06
3.13933e-06
7.11731e-07
-2.20066e-06
1.03514e-06
2.1277e-06
2.06632e-06
6.45782e-06
1.43445e-05
6.96936e-06
5.19618e-06
7.06373e-06
4.48522e-06
6.51859e-06
2.29601e-06
2.43896e-06
3.06657e-07
3.93958e-06
1.26638e-05
-1.67796e-06
3.13343e-06
1.18282e-06
-6.43239e-07
-1.36757e-06
6.66157e-07
1.27168e-06
-7.53875e-09
2.6495e-06
4.57015e-06
3.50555e-06
4.43042e-06
5.56276e-06
1.79431e-06
-4.14198e-07
3.39138e-07
2.83462e-06
5.72985e-06
8.35687e-06
-1.86888e-06
7.88446e-07
7.18973e-07
-7.64448e-08
-8.13811e-07
-3.51088e-07
6.27721e-07
9.5397e-07
2.33368e-06
1.96576e-06
1.08158e-06
9.27544e-07
1.36903e-08
-3.77957e-08
-4.86658e-07
-2.63289e-07
1.1053e-07
1.26982e-07
1.18302e-06
-1.4906e-07
2.10304e-06
1.62046e-07
-1.27897e-07
-2.23142e-07
-2.89304e-07
3.9604e-07
9.0281e-07
9.52372e-07
1.78814e-06
3.13852e-07
2.21745e-07
1.73988e-07
6.19597e-07
8.60765e-07
7.16258e-08
-2.69861e-07
-2.81667e-07
-1.21318e-07
1.03258e-06
1.98734e-06
2.69832e-06
5.68354e-08
-6.14053e-08
-9.53119e-08
-1.36205e-07
3.1099e-07
4.54799e-07
5.33084e-07
5.8428e-07
1.47769e-07
-4.58738e-08
1.97275e-07
4.22799e-07
7.66557e-07
2.57181e-07
-2.58267e-07
-2.24293e-07
-9.54244e-08
7.92739e-07
1.56226e-06
1.37349e-06
7.91953e-07
1.21731e-06
-1.71879e-07
5.34588e-06
4.31158e-06
-1.17464e-06
1.63359e-06
2.70645e-06
6.06597e-06
2.32011e-06
-6.59924e-06
-4.90118e-06
-7.54568e-08
9.08868e-07
-8.02981e-07
-4.52545e-07
3.55449e-06
7.76878e-06
8.90877e-06
6.97817e-06
7.54123e-06
1.23718e-07
-9.64012e-06
-2.43538e-06
3.13211e-06
-3.20137e-08
-9.18361e-07
4.58695e-06
6.13642e-06
2.92315e-06
-3.26272e-06
-2.5896e-06
2.12867e-06
3.72461e-06
2.53413e-06
5.58692e-06
1.48526e-05
1.50653e-05
1.28491e-05
3.98095e-06
8.93092e-06
1.61632e-06
-3.05226e-06
3.51434e-06
6.1149e-06
-4.69792e-06
1.64108e-06
7.9935e-06
6.3837e-06
5.46763e-06
5.01442e-06
1.06979e-05
1.20135e-05
1.07541e-05
3.51005e-06
5.73065e-06
8.50991e-06
8.84685e-06
8.00738e-06
3.3101e-06
1.16037e-05
-1.75959e-06
2.42331e-07
-1.47125e-06
6.60127e-07
2.21698e-06
4.56542e-06
4.53819e-06
3.56565e-06
3.71505e-06
5.42268e-06
3.27543e-06
3.27875e-08
4.11427e-06
3.86877e-06
1.0187e-06
3.84572e-06
4.87958e-06
7.00296e-06
5.35038e-06
8.83567e-06
-2.31495e-06
-3.06246e-06
-7.05364e-07
8.68587e-06
8.29073e-06
5.84014e-07
5.10331e-07
-2.64117e-07
4.26832e-06
5.23461e-06
5.57554e-07
1.31035e-06
8.24798e-06
2.15089e-06
-9.0826e-07
-2.1199e-06
5.15416e-07
-1.47728e-06
3.50132e-06
4.87346e-06
1.11683e-06
2.83358e-06
2.45334e-06
4.80594e-06
6.64045e-06
1.02818e-06
7.74173e-06
6.6823e-07
7.90176e-06
1.28183e-05
5.86404e-06
2.9994e-06
3.69847e-06
2.43233e-07
1.59978e-06
4.26576e-07
1.94001e-06
5.30423e-06
7.02069e-06
2.11604e-06
1.36264e-06
6.80629e-06
6.37323e-06
7.08746e-06
3.34535e-06
4.62183e-06
3.8112e-06
4.17132e-06
6.79336e-06
1.23796e-05
1.11333e-05
1.79121e-06
2.51124e-07
-2.32496e-06
-3.95384e-06
-7.15275e-06
-1.37697e-05
4.99928e-06
1.70956e-05
1.45689e-06
7.37185e-07
2.34659e-06
6.24925e-06
1.16734e-05
1.26722e-06
9.43848e-07
9.31938e-07
1.00155e-07
3.19551e-06
4.10094e-06
2.18863e-06
1.52161e-06
1.18031e-06
8.58436e-07
-4.42256e-06
-6.59012e-06
4.0312e-06
1.11247e-05
1.62762e-05
1.50301e-06
9.47491e-07
1.43771e-06
1.86118e-06
2.83273e-06
1.11945e-06
1.84283e-06
2.30406e-06
7.81046e-08
2.94143e-06
1.60412e-06
7.2564e-08
1.38616e-06
-9.63939e-07
4.67694e-07
-4.09435e-07
2.19023e-06
3.19421e-06
2.66816e-06
3.93731e-06
1.84247e-07
-9.74996e-07
-7.86053e-07
-2.9988e-07
-1.53127e-07
3.6068e-08
5.03245e-07
-1.39526e-07
7.64091e-08
2.76324e-07
1.31759e-07
2.29889e-07
1.24711e-07
5.98756e-07
7.32582e-07
-4.46359e-07
-1.82871e-07
-2.4618e-07
-3.96617e-07
-1.83432e-07
-6.50613e-07
-9.02986e-07
-5.85056e-07
1.30217e-08
-1.97126e-07
-2.35097e-07
-2.85409e-07
-2.90808e-07
-1.47469e-07
5.35842e-08
1.27047e-07
1.02658e-07
2.81815e-07
5.86844e-07
1.77051e-07
-2.21187e-07
-1.54054e-07
-2.07801e-07
-1.73659e-07
-1.07305e-07
-3.14637e-07
-6.18688e-07
-3.68871e-07
5.8281e-08
-4.30872e-08
-2.157e-07
-2.43411e-07
-3.16145e-07
-2.26752e-07
-2.13964e-08
1.15654e-07
8.03366e-08
2.7877e-07
4.63358e-07
6.73595e-08
-1.68763e-07
-4.17162e-08
-1.33927e-07
-9.83197e-08
-6.02923e-08
1.86636e-07
4.66715e-08
-4.59802e-07
1.38541e-06
2.50124e-06
2.37575e-06
5.36122e-07
3.16234e-06
8.28673e-06
2.30362e-06
-2.42387e-06
-2.6625e-06
-1.11253e-06
-1.26395e-06
-1.56125e-06
2.23732e-06
5.64609e-06
1.00278e-05
9.38328e-06
4.01151e-06
5.24271e-06
-3.45079e-06
-5.80228e-06
-2.33944e-06
2.07265e-06
3.02218e-06
2.65376e-06
8.02785e-06
1.02392e-05
4.20199e-07
-5.57589e-06
-3.66035e-06
4.87323e-06
3.80733e-06
9.51329e-07
1.66693e-06
1.65426e-05
1.80598e-05
4.70162e-06
-1.18167e-07
4.98416e-06
2.13018e-06
-1.64448e-06
-2.37407e-06
7.41429e-07
-1.03937e-06
3.06633e-06
9.48515e-06
7.79209e-06
6.05368e-06
-2.01716e-06
3.42624e-07
1.046e-05
7.21497e-06
1.11287e-05
1.73181e-05
1.34613e-05
6.67622e-06
-2.17575e-06
-7.07184e-06
1.27829e-05
4.00815e-08
7.97558e-07
1.228e-06
2.63771e-06
4.5637e-06
3.92334e-06
2.65044e-06
7.64962e-06
3.60732e-06
9.24145e-07
6.21659e-06
6.23996e-06
1.10273e-05
1.3727e-05
2.49744e-06
-3.16204e-07
2.86422e-06
1.60121e-06
2.36161e-06
8.37081e-06
1.52509e-07
5.5749e-08
4.62734e-06
1.04835e-05
4.67278e-06
-3.22287e-06
7.15152e-07
2.30184e-06
2.62891e-06
4.54605e-06
1.72663e-06
1.16868e-06
2.66745e-06
-1.51376e-06
-8.22383e-07
7.8959e-07
2.83805e-06
1.25462e-06
2.42406e-06
6.75923e-06
4.35518e-06
5.97566e-06
4.54416e-06
2.16065e-06
3.37058e-06
2.16614e-06
7.08217e-06
-2.89949e-07
8.98441e-06
1.53696e-05
6.2285e-06
-3.70218e-07
1.13565e-06
-2.16722e-06
2.25031e-06
4.07945e-06
2.72255e-06
4.71404e-06
4.39779e-07
6.38295e-06
3.14498e-06
6.13339e-06
5.42971e-06
3.52163e-06
5.59315e-06
6.09662e-06
5.59866e-06
1.21578e-06
2.09305e-06
1.25261e-05
8.5969e-06
1.4861e-06
4.90265e-06
3.75342e-06
1.33884e-06
3.79171e-07
-1.7925e-06
2.55838e-06
2.78152e-06
2.88719e-06
1.19319e-06
5.23723e-06
5.10094e-06
4.98803e-06
1.89707e-06
1.1254e-06
2.67056e-06
3.72115e-07
3.751e-06
5.10433e-06
2.30416e-06
4.44433e-07
5.78842e-06
1.60719e-06
-4.74276e-07
-6.9864e-07
4.5818e-06
2.91974e-06
3.48079e-06
7.05982e-07
-1.96051e-08
7.64633e-07
2.32354e-06
2.74656e-06
6.33825e-08
1.28634e-06
4.4357e-07
2.26178e-06
6.00874e-07
6.66806e-07
3.23498e-07
1.75928e-06
-5.32544e-07
2.15606e-06
-2.15525e-07
1.72215e-06
3.95398e-06
1.20931e-06
1.62849e-06
-6.9662e-07
-7.78086e-07
1.47632e-07
3.76233e-07
2.0728e-07
-6.67662e-07
-8.54863e-07
5.25284e-07
2.9005e-07
-1.61546e-07
1.06632e-06
3.92526e-07
-2.23234e-07
-8.52066e-08
-9.06336e-08
-3.27998e-07
-1.85848e-07
6.72893e-07
6.68638e-07
2.86971e-07
-4.53777e-07
-3.14291e-07
-1.12081e-07
-1.7715e-08
-1.16265e-07
-4.54787e-07
-2.4468e-07
6.53781e-07
1.48323e-07
9.0967e-07
1.91696e-07
-1.99772e-07
-1.77897e-07
4.90268e-07
1.63063e-07
-2.06933e-07
-2.4093e-08
3.61875e-07
2.20731e-07
2.08997e-07
-2.69006e-07
-2.65453e-07
-1.05236e-07
-4.9281e-08
-1.3962e-07
-2.91451e-07
-2.67464e-08
3.6311e-07
1.37546e-07
4.09517e-07
3.25201e-07
-1.97234e-07
-8.11007e-08
4.45762e-07
1.34326e-07
-1.12211e-07
1.77797e-08
1.87993e-07
1.47306e-07
1.87536e-07
1.51609e-06
1.89661e-06
-2.63582e-07
3.67878e-06
6.21775e-06
3.40568e-06
3.13094e-06
6.46361e-06
1.49322e-05
1.66525e-05
7.24398e-06
4.41089e-06
5.46226e-07
-3.16489e-07
-1.16499e-06
1.23152e-06
4.76224e-06
4.23661e-06
2.31619e-06
2.77216e-06
7.33201e-06
4.24543e-06
6.25539e-06
9.83545e-06
8.33103e-06
2.36881e-06
1.88051e-06
3.46858e-06
8.98109e-06
6.76071e-06
2.63176e-06
-6.48579e-06
1.04508e-06
6.7589e-06
4.12236e-06
2.56112e-06
7.28209e-06
8.03142e-06
8.07229e-06
9.86406e-06
7.18708e-06
8.39164e-06
1.45084e-05
7.28765e-06
5.68573e-06
2.75051e-06
3.71582e-06
5.73867e-06
9.13808e-06
7.85658e-06
-6.34029e-06
-4.84523e-06
5.49781e-06
4.09831e-06
2.6429e-06
7.55241e-06
5.8565e-06
1.25435e-05
-1.08357e-06
2.19375e-06
1.1251e-05
1.26026e-05
7.68323e-06
4.4626e-06
3.06921e-06
2.07693e-06
1.07073e-05
6.43435e-06
4.06455e-06
-3.77413e-06
-3.34379e-06
-6.68044e-06
-2.61374e-06
-1.19399e-07
5.50809e-06
-2.16171e-06
3.5685e-06
1.22454e-05
2.81573e-06
2.39943e-06
1.7355e-06
-2.2964e-07
6.66533e-06
7.10537e-06
3.66282e-06
-2.71932e-06
2.81202e-06
8.76486e-06
8.5842e-06
3.65749e-06
3.52927e-06
-1.05641e-06
-4.59769e-07
5.74866e-06
2.9451e-06
2.50619e-07
2.42595e-06
6.71296e-06
1.35301e-05
7.07967e-06
-2.09153e-06
-5.18511e-06
3.04418e-06
4.75201e-07
3.9986e-07
6.9651e-06
5.20382e-06
5.61055e-06
4.91882e-06
5.57697e-06
4.34957e-06
-8.32387e-07
1.27657e-07
5.45572e-06
5.7619e-06
-6.2576e-07
-1.52421e-06
-1.85269e-06
8.45548e-06
4.62387e-06
1.38544e-06
-8.10585e-07
2.74037e-06
-1.17592e-06
3.56505e-06
3.45548e-06
5.86999e-07
2.00976e-06
6.29306e-06
2.49851e-06
1.8427e-06
1.55149e-06
7.76149e-06
2.34189e-06
3.08099e-07
6.35933e-06
4.54966e-06
1.83899e-06
9.08206e-06
6.31743e-06
6.34868e-06
4.39018e-06
2.57057e-06
-1.53239e-07
3.94901e-06
1.52023e-06
5.38446e-07
8.83911e-06
1.54121e-05
5.43362e-06
6.14672e-07
2.78191e-06
1.27064e-05
-9.81151e-06
-2.89316e-06
5.82328e-06
4.23315e-06
-2.93467e-06
-9.57963e-06
6.69081e-06
2.64866e-06
9.40611e-07
2.3841e-06
1.43384e-06
-2.4017e-07
-3.75348e-07
5.91152e-07
5.8219e-06
1.26534e-05
2.74754e-06
-1.91738e-08
4.17758e-06
3.44295e-06
-6.50614e-06
5.66668e-06
2.86529e-06
1.67651e-06
-3.05903e-06
-1.14411e-06
8.6439e-06
-3.92295e-07
-1.4977e-07
9.80066e-07
6.63506e-07
-7.04e-07
9.87156e-07
3.51318e-06
1.07879e-06
2.20424e-06
4.90125e-07
-1.02005e-07
-3.47377e-07
-4.82916e-07
4.64793e-06
4.29444e-06
-2.61405e-06
-1.06209e-06
6.12741e-07
-2.7249e-07
5.71751e-07
-1.65131e-07
-4.81691e-07
2.84399e-07
1.19071e-08
7.96768e-07
1.79189e-06
9.22395e-07
-2.51873e-07
-6.04492e-08
-1.5257e-07
-6.12748e-07
-5.69433e-08
1.07443e-06
1.4814e-06
8.46956e-07
7.48716e-08
3.95838e-07
-3.95349e-08
-3.115e-07
1.26571e-07
1.2455e-08
-2.98816e-07
2.50117e-07
2.67426e-07
4.58087e-07
1.28021e-06
2.64103e-07
-2.58645e-07
-3.05355e-07
-5.22759e-07
-5.38317e-07
1.22136e-07
8.25721e-07
1.03867e-06
4.41246e-07
1.49369e-07
1.13706e-07
-2.56794e-07
-2.16573e-07
2.77613e-08
6.98149e-06
1.44238e-05
1.2195e-05
7.95639e-06
1.89881e-06
-1.69751e-06
6.08339e-07
9.57899e-06
1.76229e-05
1.20797e-05
6.60795e-06
2.97558e-07
4.16523e-07
3.17793e-06
1.86308e-06
1.02064e-07
2.39281e-06
3.79863e-06
4.74079e-06
-1.13874e-07
9.0129e-06
1.28323e-05
7.44638e-06
6.85389e-06
4.26868e-06
4.34776e-07
-3.77275e-06
8.90802e-07
8.76935e-06
8.36661e-06
2.89057e-06
-1.0145e-07
3.23641e-07
2.12341e-06
3.97326e-06
3.34559e-06
4.33708e-06
3.86066e-06
1.82413e-06
5.31837e-06
4.21817e-06
8.20998e-06
5.77765e-06
4.36679e-06
1.59875e-05
2.67444e-06
8.93574e-07
6.67563e-06
8.62426e-06
2.91165e-06
2.33314e-06
-3.07101e-06
2.12731e-06
5.10268e-06
5.77813e-06
4.68757e-06
3.72081e-06
6.75235e-07
-7.62264e-08
2.68859e-06
7.41026e-06
1.04015e-05
1.41527e-05
9.79485e-06
1.07688e-05
2.79867e-06
2.99258e-06
2.87625e-06
2.99863e-06
3.59736e-06
3.13023e-06
1.10069e-06
-6.93547e-08
9.76381e-07
2.14042e-06
-3.07574e-06
7.95965e-08
4.13677e-06
-4.41823e-06
-3.15261e-06
2.94247e-06
1.73539e-06
4.86896e-06
2.69836e-06
1.2658e-06
-2.65961e-06
6.98494e-07
1.66431e-06
2.4617e-06
4.35915e-06
2.44975e-06
4.47168e-06
2.25469e-06
2.11661e-06
3.58885e-06
8.11956e-06
8.9757e-06
6.88741e-06
4.11e-06
9.39733e-06
6.51939e-06
-7.23517e-07
-5.36619e-06
-1.55511e-09
8.14921e-06
4.16213e-06
7.01047e-06
4.97354e-06
2.36874e-06
5.3498e-06
5.21344e-06
4.16646e-06
3.04437e-06
2.41676e-06
1.99519e-06
8.9404e-06
4.46062e-06
1.14581e-05
4.54352e-06
8.89151e-06
8.78852e-06
6.28734e-06
8.02507e-06
2.22166e-06
-5.23168e-06
3.24813e-06
4.96199e-06
7.18067e-06
5.09299e-06
4.52249e-06
1.01067e-05
8.58669e-06
3.76752e-06
2.59345e-06
2.61367e-06
-1.44437e-06
4.94819e-06
-1.04715e-07
-8.13456e-06
5.06411e-06
8.60223e-06
1.36518e-05
1.04596e-05
1.0817e-06
-1.07276e-05
6.15739e-06
-3.68798e-06
-3.76483e-06
1.68274e-06
1.18947e-05
6.31428e-06
4.82857e-06
3.33044e-06
3.59549e-06
6.85522e-07
5.61875e-06
6.84599e-06
7.50633e-07
-8.88447e-06
1.21567e-05
-3.6918e-06
1.43924e-05
9.62569e-06
-4.69228e-07
4.18988e-06
4.57543e-06
7.14719e-07
1.43475e-06
4.69757e-06
9.96277e-06
1.76936e-06
1.35651e-06
4.734e-06
6.76097e-06
-1.50466e-06
-3.24052e-06
-9.80641e-06
2.40854e-06
4.43955e-06
8.30654e-06
3.96531e-08
1.61427e-06
3.1915e-06
1.95413e-06
1.80285e-06
4.95472e-08
7.30446e-07
7.93617e-07
3.36392e-06
3.83494e-06
-1.60151e-08
7.10759e-07
2.24957e-06
6.72242e-07
1.3807e-06
1.35704e-06
-6.05576e-07
5.15848e-06
2.43908e-06
1.58636e-07
2.31024e-07
1.38234e-06
1.24707e-06
1.38464e-07
-7.50527e-07
-9.69799e-07
-2.12398e-08
3.27658e-07
2.06275e-06
1.44687e-06
3.08775e-07
1.24006e-07
2.11565e-08
3.07214e-07
1.04363e-06
1.7761e-06
3.22594e-06
2.1966e-06
2.96612e-07
-1.99132e-07
-8.16746e-08
7.97582e-07
5.89848e-07
-2.04715e-07
-5.25011e-07
-7.81087e-07
-1.00166e-07
1.35106e-07
7.1128e-07
1.18457e-06
3.01851e-07
1.78049e-07
2.72214e-07
5.60926e-07
1.22888e-06
1.61177e-06
2.37219e-06
8.91055e-07
-1.86075e-08
-8.32422e-08
3.90901e-06
1.96044e-05
1.54106e-05
1.01248e-05
-4.84071e-06
-9.84037e-06
-3.6375e-06
2.75068e-06
1.07638e-05
8.74308e-06
-1.91996e-06
-4.68164e-06
-1.84743e-06
5.23168e-06
6.35533e-06
2.68218e-06
2.2405e-06
1.69151e-06
4.13239e-06
-4.86167e-07
5.24122e-06
1.67052e-05
1.73433e-05
1.35659e-05
1.34249e-06
-1.49284e-06
-7.47869e-07
3.62881e-07
8.82185e-06
7.02472e-06
2.51272e-06
1.32621e-06
5.98153e-06
7.76349e-06
8.84091e-06
6.44405e-06
6.43719e-06
4.75175e-06
2.52999e-06
1.25698e-06
5.39763e-06
7.4718e-06
3.94414e-06
-1.99393e-06
9.59548e-06
1.02848e-05
2.0759e-06
8.55817e-07
3.70939e-06
2.41202e-06
5.41471e-06
5.12615e-06
5.58662e-06
7.91705e-07
2.56829e-06
3.3772e-06
2.9513e-06
-7.59125e-07
1.05646e-07
2.58498e-06
3.32857e-06
1.87872e-06
4.97827e-06
-5.39115e-07
1.47146e-05
1.23807e-05
3.94433e-06
2.09913e-07
2.69149e-06
7.79255e-06
6.58486e-06
3.52023e-06
2.53092e-06
4.06677e-06
4.51663e-06
-2.34733e-06
-4.14106e-06
-7.39854e-07
-2.99208e-06
-1.74073e-06
5.71726e-06
2.51622e-06
7.52037e-07
-2.13113e-06
1.3883e-06
6.34381e-06
3.68185e-06
2.86765e-06
7.41794e-07
4.66693e-06
8.91101e-06
7.49951e-06
2.12066e-06
1.20505e-06
1.56861e-06
1.37717e-06
2.9498e-06
4.16854e-06
4.88381e-06
9.19932e-06
1.71951e-07
8.96797e-06
2.00309e-06
3.54945e-06
2.64552e-06
4.82875e-06
4.70414e-06
4.61879e-06
-8.91738e-08
4.0459e-06
9.95968e-06
3.75101e-06
5.00779e-06
1.3126e-06
2.0112e-07
2.86769e-06
3.1135e-06
7.73363e-06
8.72945e-06
6.27794e-06
2.42818e-06
2.40956e-06
7.32728e-06
4.05786e-06
4.90768e-06
2.24265e-06
5.40642e-06
5.06018e-06
3.38422e-06
4.16752e-06
4.42272e-06
5.92226e-06
7.43928e-06
4.27146e-06
5.02217e-06
3.98855e-06
3.72422e-06
-7.63133e-08
-2.14114e-06
2.88351e-06
-4.44149e-06
2.00584e-05
1.39728e-05
2.92028e-06
6.92576e-06
1.1769e-05
4.96606e-06
-2.61576e-06
4.22744e-06
3.58833e-06
2.92328e-06
5.50409e-06
6.39219e-06
5.31694e-06
6.54773e-06
2.229e-06
3.84954e-06
9.62102e-06
2.52428e-06
5.44807e-06
-4.99472e-06
1.24396e-05
1.48435e-05
-2.48678e-07
5.18883e-06
7.03806e-06
-1.14937e-06
2.67012e-06
3.78692e-06
3.85837e-06
1.91193e-06
2.03085e-06
6.21992e-06
3.98786e-06
5.59327e-07
-1.15249e-06
-7.31162e-07
1.25395e-05
5.71326e-06
1.96413e-06
2.08297e-06
4.2024e-06
2.79623e-06
6.27629e-07
5.39179e-07
-2.75193e-07
-8.54962e-08
-2.45588e-07
1.78302e-06
1.73735e-06
9.32357e-07
4.7154e-07
2.28805e-07
-1.07822e-06
-2.34169e-06
-2.09816e-06
-9.37722e-07
3.01637e-06
4.23227e-06
-2.8329e-07
1.13427e-06
1.96677e-06
1.32662e-06
-8.83674e-08
5.64858e-08
-5.9955e-08
-3.7831e-07
-1.59615e-07
8.12239e-07
6.02746e-07
1.12446e-07
-2.76131e-07
-5.73241e-07
-7.87233e-07
-2.68784e-07
6.79686e-07
9.21273e-07
1.37879e-06
1.64348e-06
-5.70908e-07
7.65967e-07
9.84645e-07
6.57258e-07
-1.47254e-08
1.99951e-07
2.72075e-08
-2.49506e-07
-1.14348e-08
2.62744e-07
4.41604e-07
1.08879e-07
-8.71258e-08
-3.45587e-07
-4.62911e-07
-4.25341e-08
6.64344e-07
6.36484e-07
7.09629e-07
7.4773e-07
-1.93546e-07
-2.40339e-06
6.72749e-06
1.22061e-05
6.3007e-06
2.02938e-06
3.42908e-06
2.65567e-06
1.52908e-06
1.72354e-06
-1.56268e-07
8.12041e-07
-2.80291e-06
6.02645e-06
1.03198e-05
7.15697e-06
6.78671e-06
6.3982e-07
-2.07154e-06
7.61766e-06
5.91571e-06
3.07912e-06
1.00802e-05
1.1321e-05
4.24043e-06
6.92816e-07
6.94836e-06
2.48913e-06
-2.56246e-06
4.85166e-06
5.06233e-07
7.95279e-06
1.3956e-05
1.93713e-05
1.7798e-05
1.1269e-05
6.7476e-06
3.70224e-06
2.77172e-06
2.94176e-06
-4.88984e-07
1.12864e-05
9.27303e-06
3.24123e-06
1.5171e-06
4.35771e-06
5.27872e-06
4.40804e-06
-2.95035e-06
3.2332e-06
-5.24568e-07
8.12535e-06
9.56271e-06
1.912e-05
7.99637e-06
2.94319e-06
-2.91599e-07
-1.81991e-06
-3.12441e-06
-1.12737e-06
8.19713e-07
4.63512e-06
5.51679e-07
-1.53252e-06
5.23778e-07
6.19147e-06
8.50107e-06
2.69578e-06
1.40319e-06
3.24576e-06
5.56329e-06
9.14585e-06
2.55521e-06
6.32242e-06
2.45753e-06
7.04544e-07
-2.80621e-06
8.89151e-07
-9.6863e-07
-4.56475e-07
4.85638e-06
5.7105e-06
2.02423e-06
2.2494e-06
4.41451e-06
5.82653e-06
1.14016e-05
5.40447e-06
3.81765e-06
-8.17514e-07
6.72613e-06
1.18634e-05
2.96101e-06
1.33296e-06
-1.04575e-06
-8.38199e-07
-1.75738e-06
2.08928e-06
8.28154e-06
6.85088e-06
7.11154e-06
5.34351e-06
4.02914e-06
1.7375e-07
7.42755e-07
2.84349e-06
1.23339e-05
7.32687e-06
1.5618e-05
4.48353e-06
2.74947e-06
1.0798e-05
-1.04899e-07
2.44081e-06
6.29509e-06
3.87258e-06
5.29369e-06
3.08386e-06
4.38468e-06
3.86891e-06
2.72505e-06
2.31674e-06
2.16164e-06
2.33425e-06
1.55058e-06
1.0515e-05
8.14725e-06
6.16448e-06
4.32888e-06
7.3383e-08
-3.25065e-06
8.82067e-06
5.3498e-06
4.7224e-06
3.23807e-06
6.80677e-06
8.81584e-06
1.16419e-06
3.20352e-06
4.41066e-06
7.94289e-06
3.88388e-06
2.34287e-06
3.56073e-06
6.43022e-06
3.89446e-06
8.41088e-06
-1.73876e-06
-1.35517e-06
-1.08441e-06
4.66283e-06
9.40241e-06
4.86475e-06
1.6715e-06
4.38927e-06
1.37023e-05
6.89161e-06
4.64524e-06
5.0847e-06
8.54153e-06
2.66238e-07
1.76296e-06
3.95611e-06
7.50476e-06
-2.1511e-06
1.23382e-05
-1.55108e-06
-2.13696e-06
-8.28284e-07
3.32585e-06
1.78418e-06
3.61113e-06
1.64716e-07
2.34471e-06
7.17601e-06
2.64316e-06
1.21298e-05
2.10574e-06
-2.59026e-06
-1.24299e-05
-9.10819e-06
1.30699e-06
7.58007e-07
7.15671e-07
-7.69795e-09
-5.20934e-07
8.62069e-07
1.62313e-06
1.54324e-06
-2.28282e-07
-1.79914e-07
5.39981e-07
-2.27056e-07
-2.904e-07
2.85694e-06
1.58071e-06
1.42467e-06
1.40548e-06
9.04607e-07
4.87743e-07
1.30358e-06
-4.59155e-07
3.21134e-08
3.11642e-07
1.21189e-06
1.447e-06
1.4281e-06
7.87775e-07
1.95768e-07
-1.59117e-07
-3.31289e-08
-9.44414e-08
-5.85459e-07
6.04649e-07
3.93937e-07
-2.52778e-07
-4.24795e-07
-5.69532e-07
-1.83777e-07
5.88833e-08
2.64739e-07
-1.98814e-07
8.91921e-08
4.25913e-07
1.14311e-06
1.58959e-06
1.00346e-06
3.42525e-07
-3.45626e-10
-8.17383e-08
6.4728e-10
8.94279e-09
-3.13352e-07
2.90021e-07
1.50259e-07
-2.85344e-07
-4.06044e-07
-5.78592e-07
-3.05496e-07
-1.7838e-07
4.76567e-08
1.39384e-06
2.87237e-07
2.67275e-06
8.78661e-07
2.31282e-06
6.47887e-06
1.53858e-05
1.34157e-05
8.30184e-06
7.86999e-07
1.37834e-06
1.56764e-06
3.15837e-06
1.02003e-06
-1.13319e-07
1.56259e-06
1.72128e-06
8.44922e-07
1.28201e-06
4.04396e-06
2.3485e-06
3.22078e-06
7.12886e-06
7.20443e-06
1.39682e-05
1.74863e-05
1.51162e-05
8.74465e-06
2.59501e-06
-5.11613e-07
5.43806e-08
1.34384e-05
1.26318e-05
8.39106e-06
3.68023e-06
-6.43076e-07
5.70698e-06
5.58667e-06
-2.19996e-06
-2.05498e-06
5.32784e-06
4.54415e-06
3.22334e-06
3.04687e-06
2.81199e-06
6.06211e-06
1.30567e-05
3.79093e-06
-1.2074e-06
5.47721e-07
1.67516e-06
9.55733e-06
5.22056e-06
3.20901e-06
-3.11714e-06
4.60115e-06
8.26609e-06
3.12861e-06
-1.55673e-06
2.36286e-06
6.08003e-06
4.22289e-06
1.58032e-06
6.4687e-06
7.542e-06
4.56747e-06
6.39201e-06
2.24914e-06
3.45007e-06
3.6474e-06
4.61533e-06
1.41596e-06
1.31748e-06
2.0121e-06
-8.43273e-06
-2.18556e-08
8.85123e-06
3.34866e-06
1.81912e-06
1.45357e-06
4.22249e-06
2.60587e-06
6.18781e-06
-8.66865e-07
-2.08807e-06
2.40222e-06
4.81626e-06
1.30551e-05
1.00527e-05
9.29271e-06
7.83977e-06
4.28522e-06
6.03275e-06
3.58769e-06
3.80592e-06
8.735e-06
1.22374e-05
1.45009e-06
-1.57092e-06
6.62918e-06
3.67634e-06
2.46328e-06
1.59855e-06
2.29396e-06
7.97564e-06
5.62804e-06
5.79033e-06
1.7146e-05
5.1114e-06
3.68218e-06
9.46726e-06
7.87484e-06
1.76476e-05
8.71448e-06
1.18678e-05
9.33673e-06
4.82617e-06
5.21358e-06
1.26566e-06
3.25646e-06
5.15474e-06
4.12834e-06
3.26712e-06
5.68194e-06
1.16579e-05
-1.98452e-06
-5.77333e-06
1.2293e-05
8.98054e-06
3.14559e-06
8.10067e-06
1.19088e-05
3.903e-06
2.21839e-05
2.35243e-05
1.09163e-05
2.35683e-06
3.47651e-06
1.37714e-06
-1.04671e-06
-2.25672e-06
6.14001e-06
7.79894e-06
8.5285e-07
9.53996e-06
-9.02833e-06
-1.7318e-05
9.96587e-06
9.14115e-06
9.88908e-06
4.69796e-06
-3.19841e-06
-1.16674e-05
2.32296e-05
1.27871e-05
2.83574e-06
9.17311e-07
1.01064e-06
1.27654e-06
1.43146e-06
-5.63423e-06
9.34866e-07
1.32523e-06
-9.75597e-07
3.61914e-06
-1.25958e-05
-1.34432e-05
5.98223e-06
5.29435e-06
3.11652e-06
-4.65029e-06
-1.07759e-05
9.05151e-06
3.6041e-06
2.89801e-06
1.70738e-06
1.52545e-06
1.62951e-06
6.38298e-06
2.43063e-06
6.81902e-07
1.28574e-06
7.99678e-07
1.94911e-06
-6.74958e-07
5.28956e-07
3.83138e-06
8.83799e-07
5.86792e-07
-8.93112e-07
-2.06922e-06
-2.29868e-06
-1.28399e-06
-3.05942e-06
2.3168e-06
8.82404e-07
5.38882e-07
5.26815e-07
1.05588e-06
6.08697e-07
7.03263e-07
5.82583e-07
2.59045e-07
-1.24352e-07
-4.14424e-07
-1.23384e-07
1.05123e-06
9.02009e-07
-1.55296e-07
-7.26446e-07
-6.92742e-07
1.41974e-07
5.7665e-07
8.93595e-07
1.13503e-06
6.96763e-07
7.69456e-07
6.25573e-07
6.68608e-07
7.15358e-07
4.57346e-07
3.11737e-07
1.0968e-07
-1.60524e-07
-3.55217e-07
-1.82199e-07
5.39993e-07
5.03233e-07
1.21554e-07
-5.15819e-07
-3.92052e-07
1.37342e-07
5.31778e-07
7.27618e-07
6.68164e-07
4.99483e-07
5.07379e-07
3.61211e-07
4.83804e-07
6.00121e-07
3.17244e-06
3.59522e-06
3.97293e-06
3.63803e-07
2.07431e-07
9.19457e-07
7.99187e-06
6.46052e-06
2.60833e-06
2.39448e-06
2.15596e-06
4.51871e-06
3.94238e-06
-1.35202e-06
8.21226e-07
4.43775e-06
-2.11018e-06
-1.21502e-06
1.48223e-06
2.35114e-06
5.95605e-06
6.05944e-06
4.25203e-06
2.19043e-06
7.97596e-06
9.33711e-06
1.17139e-05
1.15141e-05
7.42735e-06
5.95539e-06
3.41278e-06
7.06637e-06
6.3053e-06
3.01025e-06
-2.74679e-06
-1.11274e-06
3.73419e-06
3.75984e-06
-1.53474e-06
5.75675e-07
1.72715e-06
2.20013e-06
3.10919e-06
2.3424e-06
3.98848e-06
6.75471e-06
1.14627e-05
8.66631e-06
-8.39699e-07
4.39925e-06
1.44223e-06
4.20506e-06
5.87365e-06
7.00907e-06
4.04771e-06
2.45486e-06
1.27513e-05
4.77464e-06
2.25244e-07
4.87537e-06
2.48766e-06
9.5132e-07
3.88297e-06
8.71355e-06
1.01728e-05
4.32159e-06
9.64971e-06
9.42384e-06
2.4687e-06
2.47333e-06
1.54005e-06
2.25727e-06
1.81031e-06
1.78437e-06
1.47134e-06
-2.30114e-06
8.72835e-06
5.34868e-06
4.90129e-06
1.90221e-06
1.46372e-06
2.02998e-06
5.54452e-06
4.20011e-06
1.06176e-06
2.44608e-06
9.64334e-06
2.53554e-05
9.67706e-06
4.55585e-06
1.95412e-06
4.02464e-06
1.41427e-05
8.21728e-06
3.59266e-06
1.84068e-06
7.20797e-06
9.78567e-06
1.19702e-05
1.07382e-05
6.67366e-06
3.37045e-06
2.4797e-06
1.90465e-06
1.09007e-05
1.52798e-06
1.48295e-05
4.07731e-05
6.026e-06
4.26995e-06
4.73856e-06
1.68484e-05
2.52547e-05
1.53769e-05
1.20172e-05
6.82293e-06
6.15763e-06
8.08964e-06
6.22858e-06
1.00762e-05
6.23229e-06
1.80209e-06
3.28355e-06
6.03774e-06
2.11536e-05
1.98597e-06
4.50051e-06
1.24055e-05
5.28166e-06
3.59648e-06
5.33964e-06
1.24587e-05
3.05895e-06
9.74956e-06
1.22836e-05
5.90273e-06
-4.28667e-06
1.93937e-07
1.26696e-06
2.29102e-06
-8.05016e-06
7.01248e-06
2.86821e-06
-6.45632e-06
2.09163e-05
6.03249e-08
-1.15867e-05
4.81868e-06
-1.16499e-07
1.00026e-05
8.28185e-06
7.42609e-06
-1.2099e-05
-5.43959e-06
-3.11332e-06
-4.21936e-06
-5.54164e-06
3.9615e-06
5.14455e-06
3.34025e-06
-1.07595e-05
4.91321e-06
6.72753e-07
1.26925e-05
1.6233e-05
-2.32745e-06
-7.24478e-06
1.36439e-06
8.11585e-07
6.77568e-06
4.00153e-06
-6.46669e-06
-3.86007e-06
2.52376e-06
3.05359e-06
3.05491e-06
4.1657e-06
5.3198e-06
3.71987e-06
9.18913e-08
1.02647e-06
4.942e-07
-7.22282e-07
5.25384e-06
3.20099e-06
1.29189e-06
3.59714e-06
1.36103e-07
4.73802e-07
1.79893e-06
5.91906e-07
4.90006e-07
9.14195e-07
9.48592e-07
2.77311e-06
1.62663e-06
1.49826e-06
5.23589e-07
2.72445e-07
-9.02644e-08
7.54409e-07
-5.82895e-08
-4.5953e-07
8.89656e-07
-1.5808e-07
-4.45513e-07
1.48339e-07
-3.01894e-07
9.59209e-08
-1.55819e-07
9.43191e-07
4.27985e-07
7.09058e-08
6.29083e-07
6.43097e-07
2.80884e-07
2.82605e-07
1.11155e-07
1.56117e-07
3.17154e-07
4.51637e-07
3.74003e-08
-3.16079e-07
1.18948e-07
-3.13114e-07
-3.42285e-07
-7.00748e-08
-2.15231e-07
-9.06959e-08
-5.19065e-07
3.13119e-07
2.77536e-08
-2.27088e-08
2.09181e-07
2.26075e-07
8.84066e-08
1.73884e-07
1.15261e-07
1.24122e-07
2.97667e-07
5.2007e-06
4.739e-06
3.83504e-06
5.67767e-06
6.05081e-06
7.52059e-07
1.80226e-07
-2.38123e-08
-3.06967e-08
3.78058e-07
1.40305e-06
1.999e-06
3.3959e-06
-5.01038e-07
4.17567e-06
4.84423e-06
6.18312e-07
1.45772e-06
4.21433e-06
5.87577e-06
3.93715e-06
8.06252e-06
7.52273e-06
4.43766e-06
-1.4996e-06
1.22001e-06
7.14225e-06
4.05032e-06
5.75479e-06
2.70564e-06
5.29155e-06
3.74205e-06
2.35917e-06
2.26744e-06
5.90676e-07
1.44418e-06
4.25368e-07
2.78875e-06
2.62906e-06
1.10405e-06
3.21104e-06
2.23866e-06
6.42848e-07
9.87646e-07
1.42694e-06
2.47564e-06
1.91921e-06
2.26044e-06
1.93821e-06
2.6919e-06
3.24601e-07
-4.78433e-07
6.62358e-06
1.99742e-06
9.81373e-07
2.49802e-07
4.01289e-06
4.45711e-06
3.63186e-06
5.13924e-07
2.16574e-06
-3.9978e-06
4.54604e-06
3.3163e-06
3.59191e-06
2.03762e-06
1.85268e-06
2.30075e-06
4.23441e-06
2.31796e-06
1.89882e-06
1.68329e-06
5.45675e-06
1.50075e-06
3.87491e-06
3.56648e-07
-4.49258e-07
-1.74936e-06
8.93435e-06
4.73902e-06
2.19475e-06
6.34157e-06
1.00653e-05
6.31439e-06
7.77751e-07
1.04744e-06
1.67586e-06
3.33518e-06
4.58599e-06
2.89443e-06
2.91635e-06
5.78681e-06
8.35032e-06
7.59051e-07
8.11176e-07
9.28981e-07
-6.03316e-07
2.2929e-06
1.13224e-05
4.87782e-06
1.08421e-05
3.87217e-06
5.9682e-06
1.02825e-05
-7.08645e-07
7.86201e-07
2.47109e-06
8.95504e-06
8.51332e-06
2.65643e-06
3.29232e-06
-1.02745e-06
-3.28941e-06
9.73893e-06
7.31942e-06
2.47707e-06
-1.79196e-06
1.78298e-05
1.91313e-05
1.35432e-05
9.88004e-06
4.07487e-06
6.10482e-06
1.41614e-07
-2.93808e-06
2.96318e-06
2.26941e-06
1.43727e-05
6.53144e-06
5.19175e-06
2.52404e-06
-9.4599e-07
-6.83078e-06
6.32144e-06
3.73665e-06
3.23331e-06
-1.27405e-06
1.31949e-05
5.68819e-06
1.14545e-05
9.20412e-06
6.32623e-06
1.30825e-05
1.11771e-05
2.00528e-06
1.33459e-05
3.56442e-06
8.94732e-06
1.6235e-06
3.68062e-06
8.76315e-08
-1.28241e-05
9.08517e-06
3.71882e-06
3.27755e-06
-6.96981e-06
2.8225e-06
7.82227e-06
2.21079e-07
8.90978e-07
1.11119e-05
6.1684e-06
9.88618e-06
1.38491e-05
8.79513e-07
9.33415e-06
4.06251e-06
-4.60681e-06
-6.64416e-07
-5.05779e-07
1.66589e-06
-4.78874e-06
5.15021e-06
4.28347e-06
-1.11507e-05
6.07329e-06
9.61924e-06
-5.32046e-06
5.59311e-07
-3.10523e-06
4.21183e-06
6.40402e-07
3.1042e-06
6.18321e-06
-3.97954e-07
5.59408e-07
-4.77102e-07
-1.28003e-06
3.13788e-07
-2.17557e-06
1.16721e-06
4.41174e-07
6.00019e-07
1.18994e-06
4.40181e-07
4.75956e-07
-2.80298e-06
3.51093e-07
2.83228e-06
1.78827e-06
3.12918e-07
2.65384e-07
1.30769e-06
-3.48294e-08
-1.14895e-07
7.73997e-07
8.05694e-07
7.65713e-07
9.25207e-07
9.74975e-07
1.09398e-06
4.52584e-07
5.22988e-07
4.76459e-07
3.14032e-07
6.0251e-07
6.17993e-07
9.21915e-07
2.70397e-06
7.14937e-07
-3.39671e-08
1.13954e-07
1.06236e-06
3.01497e-07
-1.71812e-07
6.89658e-07
9.85759e-07
1.29991e-06
1.10293e-06
7.91478e-07
5.18275e-07
2.91841e-07
3.12509e-07
1.0127e-07
1.36173e-07
2.70765e-07
2.97495e-07
3.22275e-07
6.04834e-07
-4.99789e-07
4.39464e-06
4.79022e-06
2.95842e-06
2.4402e-06
3.52427e-06
2.58276e-06
-1.34177e-07
1.21094e-06
3.83317e-07
-1.52572e-06
-5.91052e-07
1.32061e-06
1.02698e-06
2.63992e-06
3.01318e-06
2.88738e-06
-1.11945e-06
-6.05097e-07
-3.99312e-07
-1.62172e-06
2.9059e-06
2.83721e-06
3.17741e-06
1.09908e-06
2.85805e-06
2.09329e-06
1.61086e-06
3.34548e-06
1.63795e-06
-2.57941e-06
3.64205e-07
7.62667e-07
7.99487e-07
3.96063e-06
3.2936e-06
1.78953e-06
9.4862e-07
-3.32375e-06
-3.38178e-06
-1.19384e-06
3.08166e-06
4.9692e-06
6.09713e-06
4.48346e-06
4.11243e-06
3.833e-06
3.16352e-06
1.53095e-06
2.16265e-06
1.32374e-06
3.29466e-06
3.2798e-06
-1.05545e-07
2.66682e-06
1.99945e-06
2.43033e-06
4.09445e-06
3.43845e-06
2.60675e-06
1.37598e-06
1.3995e-06
4.19538e-06
5.24046e-06
3.72703e-06
3.89684e-06
4.96801e-06
2.24658e-06
-2.3278e-06
3.46177e-06
2.92053e-06
2.23246e-06
4.06103e-06
-1.38498e-06
5.67076e-06
2.86102e-06
4.10313e-06
4.50689e-06
2.60604e-06
4.07994e-06
7.38246e-06
3.47064e-06
8.12203e-06
7.90736e-06
8.44376e-06
1.05645e-05
6.09478e-06
2.08988e-06
-6.57513e-07
3.54766e-06
1.4702e-06
1.88537e-06
5.84171e-06
1.11289e-06
-5.36985e-07
-9.73763e-07
2.47643e-06
4.12007e-06
2.56946e-06
7.05538e-06
6.80039e-06
4.80668e-06
1.30315e-05
1.45045e-05
1.04096e-05
4.16026e-06
-1.32466e-07
1.64364e-06
-5.85482e-07
2.87073e-06
5.34866e-06
1.29978e-06
4.82774e-06
1.07937e-06
1.18686e-06
7.90414e-07
1.43517e-06
2.86188e-06
7.56183e-07
4.4932e-06
7.13321e-06
8.87948e-06
1.79334e-05
8.9439e-06
4.98196e-06
2.59491e-06
1.87068e-06
1.23076e-06
-1.37094e-06
-2.48933e-06
4.22611e-06
4.2645e-06
2.29808e-06
1.17717e-06
2.86692e-06
1.54057e-06
1.93076e-06
8.3393e-06
3.34982e-06
-5.14744e-07
7.94074e-06
1.38626e-05
9.7567e-06
3.00581e-06
2.07507e-06
4.37483e-06
4.36302e-06
5.53642e-07
1.6135e-06
7.22396e-07
5.55062e-06
-4.5081e-07
-3.70745e-06
1.31414e-06
-1.19533e-06
-4.33665e-08
-4.6331e-06
6.72721e-06
7.05087e-06
8.35655e-07
3.71744e-06
3.4727e-06
3.79371e-07
1.32835e-06
2.02271e-06
2.54089e-06
1.79069e-06
1.57693e-06
1.66862e-06
-2.05645e-07
1.87465e-06
9.13247e-07
-2.83625e-06
-2.73727e-06
-1.45203e-06
1.0007e-06
-4.5324e-07
5.27118e-06
-3.7557e-07
-3.03782e-06
3.58322e-06
8.71311e-07
6.73507e-07
-1.43961e-07
-3.41263e-07
2.44962e-07
5.95447e-07
4.79831e-07
4.73648e-07
-8.76514e-07
-4.45781e-08
1.1366e-06
6.45753e-07
8.47756e-08
6.09663e-07
4.97363e-07
1.40714e-06
2.20712e-06
-1.23808e-06
-5.63787e-07
5.16913e-07
1.35803e-06
4.59228e-07
-9.55002e-08
-1.44236e-07
6.26644e-07
5.30948e-07
5.21989e-08
-2.85325e-07
8.81976e-07
9.49104e-07
5.65861e-07
2.59416e-07
2.96262e-07
3.24857e-07
1.43574e-06
2.31564e-06
1.36728e-06
3.02937e-07
6.02808e-07
3.65761e-07
1.10982e-06
5.04618e-07
-9.19558e-08
-4.68395e-09
5.01465e-07
3.23221e-07
7.87517e-09
-1.4125e-07
6.00305e-07
6.01096e-07
3.77904e-07
2.78809e-07
1.34712e-07
3.99851e-07
1.41681e-06
1.73742e-06
1.02236e-06
5.52862e-07
1.98257e-07
3.16536e-07
)
;

boundaryField
{
    bottomWall
    {
        type            zeroGradient;
    }
    topWall
    {
        type            zeroGradient;
    }
    sides1_half0
    {
        type            cyclic;
    }
    sides1_half1
    {
        type            cyclic;
    }
    sides2_half0
    {
        type            cyclic;
    }
    sides2_half1
    {
        type            cyclic;
    }
    inout1_half0
    {
        type            cyclic;
    }
    inout1_half1
    {
        type            cyclic;
    }
    inout2_half0
    {
        type            cyclic;
    }
    inout2_half1
    {
        type            cyclic;
    }
}


// ************************************************************************* //
