/*--------------------------------*- C++ -*----------------------------------*\
| =========                 |                                                 |
| \\      /  F ield         | OpenFOAM: The Open Source CFD Toolbox           |
|  \\    /   O peration     | Version:  5.0                                   |
|   \\  /    A nd           | Web:      www.OpenFOAM.org                      |
|    \\/     M anipulation  |                                                 |
\*---------------------------------------------------------------------------*/
FoamFile
{
    version     2.0;
    format      ascii;
    class       volScalarField;
    location    "0";
    object      p;
}
// * * * * * * * * * * * * * * * * * * * * * * * * * * * * * * * * * * * * * //

dimensions      [0 2 -2 0 0 0 0];

internalField   nonuniform List<scalar> 
7200
(
0.000198562
9.00983e-05
8.23649e-05
0.000114487
4.27984e-05
6.44407e-05
2.39278e-05
0.000292429
0.000320887
0.000239703
0.000201114
0.00021244
0.000342005
0.000316278
0.000198493
0.000161609
0.000116438
0.000205473
0.000243395
0.00028902
0.000160915
8.82863e-05
9.45733e-05
9.63923e-05
3.84757e-05
6.2892e-05
1.97346e-05
0.000291187
0.000321083
0.000220681
0.000203709
0.00021074
0.000342191
0.000317591
0.000196148
0.000160026
0.000115361
0.000204363
0.000263447
0.000266616
0.000157841
7.62243e-05
4.92281e-05
8.45959e-05
3.35501e-05
3.49856e-05
9.69207e-05
0.000330345
0.000283486
0.000225497
0.000200287
0.00020333
0.000366595
0.000259294
0.000184144
0.000130216
0.00010931
0.000200348
0.000228976
0.000273263
0.000146303
5.44318e-05
-4.33694e-05
3.94824e-05
2.227e-05
6.87422e-05
-5.66109e-06
0.000267667
0.000261755
0.000241688
0.000228277
0.00018728
0.000307021
0.00028179
0.000199034
0.000166252
9.7696e-05
0.000194252
0.000218559
0.000269996
0.000165237
8.82944e-05
-8.59861e-05
3.0314e-05
3.44255e-05
4.56256e-05
-2.09733e-05
0.000133561
0.000225505
0.000250878
0.000244511
0.000220806
0.000296926
0.000320258
0.000206298
0.000117515
9.6596e-05
0.000190037
0.000249223
0.000254662
0.000176842
0.000105233
-5.27484e-05
-2.33024e-05
5.21481e-05
4.25443e-05
-4.09138e-05
0.000116253
0.000182052
0.00022246
0.000223247
0.000227845
0.000323947
0.000278393
0.000144449
8.41819e-05
0.000100994
0.000231696
0.000246691
0.000248446
0.000151735
0.000204344
7.89566e-05
-4.2967e-06
5.44626e-05
3.97449e-05
1.25876e-06
-3.0242e-06
0.000120149
0.000182285
0.000197361
0.000258953
0.000306624
0.000283555
0.000195248
5.45965e-05
0.000141295
0.000207084
0.000236698
0.000238558
0.000129091
0.000223111
0.000200429
6.0628e-05
7.64157e-05
0.000125343
0.000115585
7.83341e-05
0.000131116
0.00016966
0.000173461
0.000289583
0.000343922
0.000259389
0.00012168
3.04656e-05
8.59266e-05
0.000216579
0.000219531
0.00021947
9.13379e-05
0.000198963
0.000215808
0.000203491
0.000178113
0.000192614
0.000186995
0.000168837
0.000172052
0.000145936
0.000145898
0.000190412
0.000384954
0.000341292
0.000123394
-2.00958e-05
0.000129557
0.000215526
0.000192337
0.000210248
0.000118381
0.000183692
0.000205291
0.000191487
0.000176003
0.000194196
0.000196234
0.000210817
0.000199172
0.000189502
0.000167233
0.00017238
0.000286426
0.000331498
0.00020735
5.48538e-05
9.53588e-05
0.000194759
0.000195152
0.00019886
0.000172135
0.000182853
0.000204448
0.000195566
0.00017222
0.00017039
0.000169733
0.000207113
0.000205109
0.000195927
0.000176009
0.000183013
0.000236095
0.000254036
0.000201394
0.000115801
0.000142543
0.000197706
0.000206106
0.000196417
0.000195746
0.00017728
0.000186887
0.000199635
0.000185101
0.000181282
0.000162629
0.000173938
0.000182074
0.000189941
0.000186662
0.000188794
0.000214115
0.000213068
0.000189634
0.000152808
0.000163347
0.000186421
0.000194815
0.000193674
1.34303e-05
-9.06654e-06
0.000247313
0.00026414
0.000188679
0.000208166
0.00021944
0.00028719
0.000265376
0.00022428
0.000134915
0.000115259
0.000284754
0.000341843
0.000220523
0.000115715
9.23268e-05
0.000275203
0.000347944
0.00031644
-4.12755e-05
9.15663e-05
0.000277846
0.000211153
0.000172343
0.000195387
0.000183179
0.00028713
0.000220679
0.000174272
9.03048e-05
0.000110933
0.000350243
0.000397215
0.000220879
9.16708e-05
0.000125823
0.00026545
0.000308956
0.000314653
-5.89833e-05
6.74408e-05
0.000277102
0.000211969
0.000174297
0.000206242
0.000183902
0.000259018
0.000220657
0.000198996
9.06278e-05
9.20256e-05
0.000388447
0.000358946
0.000269348
8.28469e-05
0.000121318
0.000296125
0.000306959
0.000270047
-6.43696e-05
0.000140211
0.000213813
0.000203961
0.000193252
0.000247491
0.000199371
0.000267944
0.000257526
0.000203027
0.000119137
0.00017299
0.000299136
0.00035628
0.000200224
0.000102856
0.000160227
0.000332519
0.000317441
0.000270462
-3.14588e-05
-9.11771e-05
9.17029e-05
0.000148568
0.00016509
0.000238525
0.00021225
0.000181726
0.000199299
0.00016767
5.04748e-05
7.20886e-05
0.000247259
0.00037426
0.000234567
8.46994e-05
0.000128866
0.000319874
0.000302761
0.000252952
0.000104229
7.72757e-05
0.000165384
6.49259e-05
0.00013477
0.000231428
0.000167686
0.000130308
0.000223397
0.000104121
6.4097e-05
3.42099e-06
0.000197523
0.00030789
0.00024027
3.06976e-05
0.000115344
0.00029872
0.000291937
0.000280173
0.000123571
0.00012091
2.539e-05
7.49346e-06
0.000124558
9.38579e-05
0.000106371
0.000116428
0.000136867
0.000108012
7.27541e-05
1.86844e-05
0.000185068
0.000291665
0.000223305
5.02856e-06
7.41062e-05
0.000314441
0.000289815
0.000259257
0.000150251
0.000150083
0.000159262
6.58244e-05
3.04121e-05
0.000125107
0.00017059
3.37799e-05
8.31339e-05
0.000117236
8.54346e-05
0.000123846
0.000264351
0.000252372
0.000116635
1.62791e-08
9.66029e-05
0.000300109
0.00029596
0.000240493
0.000148267
0.00016515
0.000203852
0.000137509
4.32688e-05
9.40708e-05
0.000157127
0.000145083
0.000109446
0.000145164
0.000114646
0.000141075
0.000238475
0.00027019
0.000126806
2.68562e-05
0.000105849
0.000301159
0.000294627
0.000231582
0.000152605
0.000163943
0.000212994
0.000194161
0.000141065
0.000140391
0.000163332
0.000199206
0.000191469
0.000188816
0.000157626
0.000185083
0.000250001
0.000259042
0.000135054
6.98775e-05
0.000175668
0.000259409
0.000242684
0.000215017
0.000170745
0.000176344
0.000199993
0.000179174
0.000162604
0.000172139
0.000185404
0.000208635
0.000208319
0.000208859
0.000202865
0.000192915
0.000247958
0.000235297
0.000186051
0.000130637
0.000154375
0.000218504
0.000224132
0.00022017
0.000172774
0.000167817
0.000179958
0.000195139
0.000185305
0.000180125
0.000181361
0.000201882
0.000201617
0.000206736
0.000204296
0.000197441
0.000203778
0.000196737
0.000181141
0.000154508
0.000167744
0.000207803
0.000207306
0.0002113
0.000112469
6.31928e-05
0.000228789
0.00023775
0.000183924
0.000243475
0.000199347
0.000125203
0.000179275
0.000190394
0.000178997
0.000199319
0.000360587
0.000367842
0.000303075
0.000108881
0.000195341
0.000316954
0.000303047
0.00026105
5.48914e-05
0.000128993
0.000228306
0.000205427
0.00018405
0.000245608
0.000197273
0.000122256
0.000187939
0.000189821
0.000178026
0.000259753
0.000359438
0.000343463
0.000229322
9.94196e-05
0.000193244
0.000318101
0.000303099
0.000260782
5.73723e-05
4.55472e-05
0.000213931
0.000234125
0.000185114
0.000250025
0.000186865
0.000117903
0.00016686
0.000173878
0.000160511
0.000190111
0.00035296
0.000336971
0.000292295
0.000103806
0.000184569
0.000308605
0.000308122
0.00026197
6.44973e-05
3.09325e-05
0.000159248
0.000200035
0.000200869
0.000233848
0.000181477
0.000131074
0.000164408
0.000144962
0.000145654
0.000174911
0.000340812
0.000352192
0.000275678
8.39061e-05
0.000175253
0.000288289
0.000289347
0.000293505
0.000124429
7.64838e-05
0.00013374
0.000179304
0.000183855
0.000224506
0.000194289
0.000142507
0.000150568
0.000110145
0.000123777
0.000155487
0.00032183
0.000321936
0.000255944
7.42975e-05
0.000158797
0.00028911
0.00027422
0.000297083
0.000127726
9.58873e-05
0.000140387
0.000179853
0.000161778
0.000229925
0.000212416
0.000169493
0.000147211
9.93043e-05
0.0001036
0.000115463
0.000259808
0.000334523
0.000228842
4.30057e-05
0.000144174
0.000301018
0.000267857
0.000284196
0.00010149
9.40445e-05
0.000168087
0.000150096
0.000155968
0.000197612
0.000221029
0.000206969
0.000127888
8.55681e-05
0.000100475
4.46576e-05
0.000149341
0.000289731
0.000198095
3.61674e-05
0.000218076
0.000316539
0.000273283
0.000265286
0.000141444
0.000109657
0.000160244
0.000157547
0.000126284
0.000189325
0.000221416
0.000211939
0.000128821
0.000140168
9.08344e-05
3.01554e-05
0.00017074
0.000232924
0.000175964
4.3026e-05
0.000137332
0.000315623
0.000276287
0.000248658
0.000141624
0.000149774
0.000184465
0.000163499
0.000145336
0.000172525
0.000214286
0.000231003
0.000176135
0.000161958
0.000114458
8.07847e-05
0.000121798
0.000220692
0.000179964
6.06767e-05
0.000139339
0.000291738
0.000281641
0.000226739
0.000161069
0.000157813
0.000179189
0.000167946
0.000156015
0.000174596
0.000210758
0.000240759
0.000200757
0.000166612
0.000155089
0.000141186
0.00017757
0.00021661
0.000134877
9.9715e-05
0.000196629
0.0002447
0.000249143
0.000226963
0.000176553
0.000170039
0.000180034
0.000179937
0.000168465
0.000175356
0.000208445
0.000223449
0.000223018
0.000213043
0.000177465
0.000164751
0.000206209
0.000213225
0.000185564
0.000136985
0.000193656
0.000232877
0.000232651
0.000214851
0.000179317
0.000178432
0.000191479
0.00020219
0.000192401
0.000185263
0.000196353
0.000209548
0.000211375
0.000216607
0.000193614
0.00018397
0.000211121
0.000209338
0.000189264
0.000157493
0.000179982
0.00020822
0.000214854
0.000211046
0.000155436
0.000153084
0.000232191
0.000377486
7.62304e-05
0.000170217
0.000340417
0.000192683
0.000114778
0.000162175
0.000193428
0.000208178
0.000325562
0.00035752
0.000332264
7.37317e-05
0.000198087
0.000242451
0.000251634
0.000269055
0.000120549
0.000151195
0.000313569
0.000382257
7.45095e-05
0.000166565
0.000340757
0.000191817
0.000125035
0.000160216
0.000193174
0.000206176
0.000323845
0.00035555
0.000331773
9.40165e-05
0.000196318
0.000238327
0.000249935
0.000265752
0.00016074
0.000139037
0.000195939
0.000287086
3.0646e-05
0.000149654
0.000334374
0.000187821
0.000113102
0.000178962
0.000182361
0.000201827
0.000339426
0.000363997
0.000324423
9.37159e-05
0.000187631
0.000238267
0.000269663
0.000253708
6.17507e-05
0.000114289
7.56474e-05
0.000254329
5.46495e-05
0.000211445
0.000288287
0.000193517
0.000102591
0.000125317
0.000179823
0.000238394
0.000331396
0.000331501
0.000302175
9.2668e-05
0.000168835
0.000228501
0.00023984
0.000224446
3.42426e-05
7.96682e-05
-7.92402e-06
0.000222559
7.33133e-05
0.000136982
0.000260311
0.000212517
0.000112746
0.000116422
0.000171024
0.000192905
0.000328683
0.000331011
0.000273482
9.1906e-05
0.000147302
0.000233302
0.000255189
0.000265544
9.06763e-05
6.77214e-05
6.41504e-05
0.0002579
0.000135233
0.00021544
0.000251607
0.000241764
0.000137314
0.000114365
0.000161185
0.000186938
0.000306755
0.000319337
0.000235211
6.15233e-05
0.000144158
0.000239349
0.000243903
0.00024693
7.54905e-05
7.18134e-05
0.00017056
0.000189215
0.000133725
0.000184283
0.000250667
0.000245643
0.000148676
0.000110107
0.000159711
0.000112838
0.000239817
0.00029347
0.00019977
4.27665e-05
0.0001579
0.000244642
0.000237537
0.00025518
1.09637e-05
1.9119e-05
0.000165801
0.000171761
0.000153282
0.000204144
0.000225275
0.00025504
0.000175264
0.000163417
0.000181751
8.2987e-05
0.000144267
0.000247175
0.000188758
6.08095e-05
0.000164759
0.000260836
0.000237385
0.000246026
0.00014571
8.29309e-05
0.000169327
0.000179698
0.000131991
0.000218395
0.000229662
0.000252129
0.000198275
0.000175252
0.000139159
0.00010598
0.000161288
0.000223808
0.000184707
8.01666e-05
0.000160369
0.000259377
0.000248721
0.000233655
0.000160319
0.000141683
0.000172816
0.000173452
0.000153234
0.000175856
0.000219627
0.000252148
0.000212527
0.000182224
0.000136744
0.000149908
0.000201666
0.000226066
0.000172988
9.28717e-05
0.000196213
0.000251294
0.000246932
0.000227578
0.000181251
0.000172553
0.000177362
0.000182425
0.000166042
0.000184104
0.000208822
0.000215607
0.000220729
0.000206969
0.000153787
0.000154638
0.000209567
0.000217529
0.000185624
0.000136471
0.000192728
0.000227965
0.000236678
0.000221809
0.000185912
0.000184803
0.000191693
0.000201937
0.000189509
0.000186199
0.000201657
0.000213252
0.000217357
0.000206136
0.000182768
0.000177512
0.000201532
0.000203119
0.000187281
0.0001565
0.000177832
0.00020614
0.00021305
0.000211285
0.000371328
0.000214038
0.000113517
-3.24189e-05
-3.85864e-05
0.000324132
0.000463978
0.000269784
0.00018203
0.000132284
0.000178813
0.000217075
0.000242238
0.000258942
0.000256785
0.000104249
0.000146049
0.000187022
0.000212255
0.000219544
0.000200075
0.000213668
0.000107813
-4.07914e-05
-4.5457e-05
0.000470098
0.000466553
0.000270473
0.000183296
0.000130913
0.000188264
0.000224707
0.000240138
0.000235679
0.000198529
0.000108275
0.000148112
0.000181213
0.000210075
0.000221276
0.000195595
0.000213297
8.74047e-05
4.75504e-05
8.36222e-05
0.00060324
0.000509632
0.000271215
0.000189318
0.000219421
0.000195549
0.000258515
0.000258901
0.000226937
0.000154016
0.000104543
0.000143755
0.000182637
0.000221127
0.000183068
0.000187838
0.000173634
8.87305e-05
-7.53821e-05
-7.5559e-05
0.000339485
0.000410105
0.000229255
0.000195186
0.0001469
0.000193558
0.000254451
0.000294517
0.000240222
0.000181466
8.97611e-05
0.000169452
0.000167723
0.000173614
0.000193277
0.000151856
0.000136835
5.2424e-05
-2.79671e-05
-2.44246e-05
0.000248285
0.00034562
0.000290609
0.000140136
8.96855e-05
0.000181619
0.000262466
0.000275403
0.000250436
0.000186697
7.02546e-05
0.000146374
0.000191105
0.00021011
0.000220936
0.000266374
6.18607e-05
-7.89177e-06
4.15592e-05
4.94231e-05
0.00017634
0.000368749
0.000273168
0.000156389
6.86207e-05
0.00015144
0.000285268
0.000364144
0.00029238
0.000103418
3.90759e-05
0.000161579
0.000138007
0.000156368
0.000247063
0.000163846
1.40032e-05
7.46358e-05
0.00010464
9.50954e-05
0.000186169
0.000296269
0.000304119
0.000245926
0.00015313
0.000186161
0.000238479
0.000342096
0.000321676
0.000187087
1.40615e-07
0.000161906
0.000196884
0.00019297
0.000230527
0.000221541
2.4242e-05
4.05398e-05
0.000127797
0.000105515
0.000224288
0.000229532
0.000286911
0.000241765
0.000186932
0.000196321
0.000230164
0.000277854
0.000260623
0.000176814
3.86809e-05
0.000118435
0.000185413
0.000161411
0.00023669
0.000175711
8.12983e-05
9.93723e-05
0.000138015
0.0001196
0.00018275
0.000219528
0.000245108
0.000199388
0.000203001
0.000219458
0.000153422
0.000232246
0.000246326
0.000173262
7.93436e-05
0.000135153
0.000222772
0.000212983
0.000216047
0.000181797
0.000145926
0.000138431
0.000151611
0.000129054
0.000152224
0.000214047
0.000231624
0.000187866
0.00017533
0.000195718
0.000193635
0.00023298
0.00021562
0.000146388
0.000123229
0.000175052
0.00021654
0.000227871
0.000224755
0.000196858
0.000178697
0.000179545
0.000188599
0.000163368
0.000182098
0.000221635
0.000234796
0.000211163
0.000163146
0.000158243
0.00019702
0.000216087
0.000221728
0.000175107
0.00014636
0.000182273
0.000206227
0.000242873
0.000238651
0.000201393
0.000195085
0.00019656
0.000200051
0.000190214
0.000184404
0.000209675
0.000226201
0.000215904
0.000207622
0.000186029
0.000210612
0.000218212
0.000198337
0.000165538
0.000154205
0.000172857
0.000200896
0.000211569
0.000213259
0.000233903
0.000123974
0.000226359
0.000259161
4.89845e-05
1.02425e-05
0.000163215
0.000240518
0.000236654
0.000188181
0.000156371
0.000249029
0.000371547
0.00025226
0.000191761
0.000215051
7.0693e-05
7.90376e-05
0.000185332
0.000327563
0.000188335
0.000123273
0.000272311
0.000260165
4.63825e-06
6.54635e-05
0.000156083
0.000257366
0.000239239
0.000185851
0.000154504
0.000248635
0.000372823
0.000252472
0.000228178
0.000150566
7.09125e-05
0.000114644
0.000184093
0.000327968
0.000248214
0.000100954
0.000181539
0.000240217
4.30874e-06
5.26395e-06
0.000132117
0.000251231
0.000244919
0.000173549
0.000159283
0.000236484
0.000372865
0.000173834
0.00023135
0.00022411
5.40912e-05
7.01439e-05
0.00017614
0.000329445
0.000244531
9.1527e-05
0.000149702
0.000164
1.20781e-05
2.00985e-05
0.000105091
0.000186407
0.000216859
0.000155221
0.000120188
0.000188848
0.00033505
0.000241933
0.000141121
0.000227995
3.5187e-05
2.97697e-05
0.000101511
0.000326439
0.000195766
0.000111769
0.000148266
8.91285e-05
2.37717e-05
0.000127001
8.88731e-05
0.000147302
0.00026156
9.68399e-05
6.77455e-05
0.000123287
0.000294038
0.000233973
0.000121051
0.000219006
1.45321e-05
-4.06554e-05
0.000111636
0.00021006
0.00014728
0.000116197
0.000160316
8.29051e-05
2.0173e-05
0.000188136
0.000137383
0.000120029
0.000185617
5.78407e-05
2.28539e-05
0.000118797
0.00027785
0.000225769
0.000188385
0.000202645
-2.19401e-05
-2.45064e-05
0.000124041
0.00024288
0.000161011
9.07797e-05
0.000198706
0.000175473
1.461e-05
0.000198897
0.000199666
0.000218917
0.000148631
8.819e-06
3.09849e-05
0.000156082
0.000229734
0.000191201
0.000174402
0.000125941
4.91196e-05
4.70807e-05
0.000124208
0.000229536
0.000224929
9.42134e-05
0.000141278
0.000165188
5.26946e-05
0.000116331
0.00019584
0.000281607
0.000175915
0.000114643
0.000120059
0.000162157
0.00019329
0.000160847
0.000150576
0.000123868
9.96032e-05
0.000109414
0.000156784
0.000208878
0.000182892
0.000144011
0.000113866
0.000137946
0.000100245
0.000134317
0.000179529
0.000243264
0.000236657
0.00016129
0.000171565
0.000161508
0.000166508
0.000167593
0.000173315
0.000116531
0.000111015
0.000151882
0.000179778
0.000206771
0.000180569
0.000155095
0.000135647
0.000125039
0.000117662
0.000159789
0.000184989
0.000222867
0.000200231
0.000184584
0.00020516
0.000197273
0.000200566
0.000206216
0.000183324
0.000115996
0.000130874
0.000174917
0.000216395
0.000205896
0.000200318
0.000180063
0.000171659
0.000158195
0.000136897
0.000141492
0.000187317
0.000239756
0.00021597
0.000199563
0.000209594
0.000210713
0.000208944
0.000194934
0.000166083
0.000138699
0.000155227
0.000185797
0.000217688
0.000219394
0.000210456
0.000201586
0.000202186
0.00018494
0.000177684
0.000167325
0.000189842
0.000213917
0.000220606
0.0002122
0.000210791
0.000213524
0.000211804
0.000187191
0.000161721
0.000144999
0.000168083
0.000193024
0.000212301
0.000193826
0.000229716
0.000170915
0.00013524
0.000111653
6.55564e-05
-1.91542e-05
0.000367088
0.000289474
0.000151316
0.000235687
0.000177648
0.00025642
0.00038457
0.000167234
0.000235612
0.000287557
-5.31975e-05
2.44208e-05
0.00020491
0.000347338
0.000225292
0.000141611
0.00011859
0.000109234
-7.34264e-06
-2.3292e-05
0.000364704
0.000290296
0.000179364
0.000235462
0.000176257
0.000255424
0.000385282
0.000164987
0.000233454
0.000292527
-5.7738e-05
2.17399e-05
0.000203575
0.000350184
0.000230635
0.000175671
0.000112747
8.74779e-05
-2.07728e-06
-2.43942e-05
0.000337085
0.000284699
0.000166159
0.000233129
0.000170622
0.000245886
0.000383614
8.4253e-05
0.000233376
0.000288799
-8.37043e-05
8.76293e-06
0.0001943
0.000354298
0.000192435
0.000179362
0.000129247
1.44041e-05
4.97468e-05
3.37768e-05
0.000291424
0.000205967
0.00014427
0.000208643
0.000142831
0.0002004
0.000334242
0.000143647
0.000191262
0.000219143
-0.000150448
3.14322e-05
0.000133228
0.000314548
0.000187179
0.000187329
8.55479e-05
-2.00335e-06
2.17658e-06
-6.44504e-06
0.000172345
0.000228077
0.000132299
0.000155858
0.000147423
0.000156445
0.000263614
9.75875e-05
0.000159492
0.000159927
-0.000126098
-2.37203e-05
0.000123561
0.000216937
0.000176687
0.000176403
0.000103581
3.78984e-05
2.86508e-05
9.09704e-05
0.000155634
0.000191899
0.000112666
0.000130323
0.000159637
0.00012145
0.000155678
0.000144195
0.000190897
0.000135691
-0.000112925
-1.36653e-06
0.000146626
0.000195245
0.000191905
0.000165988
0.000111626
2.44399e-05
4.11898e-05
0.000106215
0.000158144
0.000224131
9.74593e-05
4.22082e-05
0.000143248
0.000176968
0.000124751
7.20024e-05
0.000177178
0.000117343
-4.4889e-05
9.78137e-05
0.000180593
0.000191401
0.000191008
0.0001749
0.000105352
8.30908e-05
6.53384e-05
9.26736e-05
0.000142036
0.00022802
0.000160011
6.13776e-05
0.000136596
0.000191212
8.96701e-05
7.95624e-05
0.000149055
8.24726e-05
7.24697e-05
0.00010451
0.000191976
0.000185403
0.000200892
0.000159928
0.000125997
0.000109937
8.81095e-05
0.00012758
0.000147246
0.000210353
0.000137576
0.000118501
0.000189777
0.000195353
0.000148424
0.000117857
0.000155224
0.000120534
0.000118184
0.000157151
0.000189338
0.000187879
0.000200806
0.000157609
0.000117205
9.77184e-05
9.57649e-05
0.000121354
0.000159956
0.000206851
0.000186443
0.000179527
0.000213147
0.000216303
0.000196585
0.000185122
0.000147777
0.000109924
0.000126896
0.000164009
0.000203752
0.000197454
0.000207285
0.000187059
0.000177015
0.000123481
0.000109767
0.000117826
0.000170101
0.00021915
0.000217097
0.00020324
0.000217
0.000219781
0.000214806
0.000191996
0.000162557
0.000129973
0.000147808
0.000179262
0.000215672
0.000197813
0.000215529
0.000208
0.000205774
0.000189583
0.000164966
0.000158008
0.000179092
0.000205084
0.000213945
0.000209156
0.00021247
0.000207982
0.000207351
0.000173993
0.00016042
0.000146598
0.000168051
0.000200382
0.000206017
0.000191365
0.000186763
0.0002245
0.000140829
0.000180196
0.000306592
0.000110662
0.000248619
0.000265939
8.29475e-05
0.00029354
0.000352168
0.000256267
0.000345895
0.000363419
0.000179488
9.06685e-05
0.000126359
0.000342615
0.00027359
0.000171615
0.000193283
0.000215857
0.000138255
0.000175823
0.000308306
0.00010988
0.000247752
0.000266355
8.07463e-05
0.000292238
0.000353523
0.00025316
0.000340333
0.000359233
0.000177343
8.47425e-05
0.000123495
0.000344298
0.000276054
0.000170704
0.00018995
0.000216857
0.000134143
0.000153194
0.000302636
0.000154873
0.000246065
0.000267742
0.000111437
0.000277188
0.000256301
0.000309536
0.00032339
0.00031195
8.78106e-05
5.58028e-05
0.000101361
0.000379224
0.000207615
0.000149489
0.000186636
0.000222669
9.36736e-05
0.000218348
0.000199784
0.000100876
0.000228921
0.000252863
0.000115725
0.000291285
0.000303433
0.000253643
0.000289403
0.000253429
0.000179633
2.90894e-05
4.87988e-05
0.000371556
0.000292004
0.000140493
0.000180105
0.000208507
0.000152331
0.000103894
0.000217349
0.000124125
0.000205201
0.000228461
0.000129388
0.000204632
0.00025677
0.000298759
0.000299701
0.000200993
0.000185987
-5.08394e-05
0.000108691
0.000352076
0.000290042
0.000125865
0.000151469
0.000195482
0.000135665
8.42035e-05
0.000175628
0.00012856
0.000189369
0.000205224
0.000126243
0.000182611
0.000237555
0.000369361
0.000326377
0.000165516
0.000188533
3.06164e-05
7.60711e-05
0.000231055
0.000274348
0.000171937
0.00011568
0.00017419
0.000133569
8.19843e-05
9.16926e-05
0.000119668
0.000159191
0.00020747
0.00011786
0.000157363
0.00022819
0.000277771
0.000225117
0.000139791
0.000161934
6.63475e-05
4.45203e-06
0.000160594
0.0002409
0.00015807
0.00013058
0.000106384
0.00011091
0.000110342
9.7548e-05
0.000124978
0.000125375
0.000212917
0.000143716
0.000164886
0.000232895
0.000271311
0.000270462
0.000152041
0.000125425
6.88993e-05
3.08206e-05
0.000163821
0.000218742
0.000172207
0.0001247
0.000119949
0.00011757
0.000123327
0.000106748
9.99948e-05
9.76427e-05
0.000170199
0.000162942
0.000186017
0.000263692
0.000303776
0.000221013
0.000171535
0.00013952
9.7192e-05
8.39607e-05
8.18117e-05
0.000184346
0.000197211
0.000146708
0.000150246
0.00014269
0.000117478
0.000100468
9.92591e-05
9.99574e-05
0.000152848
0.000155324
0.000195064
0.000233576
0.000288362
0.000231457
0.000196199
0.000167738
0.000122778
0.000124926
0.000128596
0.000165473
0.000200917
0.000190072
0.000199462
0.000176962
0.000145902
9.01292e-05
9.45907e-05
0.000132076
0.000169617
0.000186505
0.000200061
0.000227345
0.000233544
0.000210658
0.000191347
0.000167351
0.000140688
0.000153311
0.000161093
0.000168157
0.000194863
0.000217409
0.000214005
0.000221307
0.000197847
0.000139485
0.000129269
0.000149758
0.000191946
0.000208355
0.000214674
0.000221253
0.000214885
0.000199523
0.000175338
0.000159876
0.000157976
0.00016857
0.000187652
0.000196253
0.000194745
0.000155003
0.000174349
0.000141296
0.00019844
0.000219351
0.000214698
0.000269048
0.00019648
8.27172e-05
0.000102403
0.000195361
0.000481461
0.000309538
9.88214e-05
0.000111784
2.74727e-05
0.000145063
0.000345984
0.000265323
0.000178177
0.000164027
0.000174043
0.000141065
0.000198309
0.000221803
0.000214003
0.00026956
0.000103855
0.000129171
0.000102073
0.000316829
0.000506442
0.0003106
9.10406e-05
0.000110523
2.31142e-05
0.000142135
0.000341553
0.000265565
0.000178537
0.000160919
0.000170643
0.000140963
0.000198257
0.00021902
0.000209367
0.0002667
0.000196276
7.40792e-05
7.82535e-05
0.0003075
0.000500254
0.0003208
0.00010384
0.000115109
9.07441e-06
0.000231445
0.000339573
0.000260483
0.00017487
0.00014877
0.000167946
0.000133575
0.000190624
0.000218612
0.000204712
0.000251948
0.000202885
7.87993e-05
0.00010745
0.000303007
0.000498003
0.000358883
5.96404e-05
0.000156686
-1.00239e-05
6.26966e-05
0.000305888
0.000224863
0.000202906
0.00013838
0.000165201
0.000125185
0.000173654
0.000209781
0.00019901
0.000244812
0.000213461
7.98688e-05
0.000131412
0.000292715
0.000454882
0.00037572
8.68745e-05
0.000142066
5.38269e-05
8.57344e-05
0.000283309
0.000248243
0.000190677
0.000120081
0.000153098
0.000116072
0.000158516
0.000184453
0.000180661
0.000218625
0.000217424
0.000103413
0.000148305
0.000265033
0.000443461
0.000371391
0.000141002
0.000160684
0.000111844
0.000117969
0.000261365
0.000263453
0.000186829
0.000115074
0.000140486
0.000124533
0.00016201
0.000150705
0.000170557
0.000194161
0.000208042
9.85903e-05
0.000158484
0.000189097
0.000307625
0.000343303
0.000175523
0.000146572
0.000109649
0.000105228
0.000213891
0.000260473
0.000166123
0.00016035
0.000170143
0.000148409
0.000170417
0.000158582
0.000169271
0.000184969
0.000198407
0.000108196
0.000148322
0.000206124
0.000263877
0.000253976
0.000154983
0.00014323
0.000102693
9.27442e-05
0.000186748
0.000244244
0.00017485
0.00016139
0.000167687
0.00015703
0.000172853
0.000183073
0.000168156
0.000172558
0.000156816
0.000143162
0.000197372
0.000246501
0.000310306
0.000296609
0.000201903
0.000148937
8.76389e-05
0.000102905
0.000150859
0.000192536
0.000207215
0.000157928
0.000189054
0.000193928
0.0001886
0.000176081
0.000163433
0.000170535
0.000172343
0.000171146
0.00021158
0.000261618
0.000284552
0.000247295
0.000214127
0.000142885
9.692e-05
0.000130592
0.000150113
0.000175077
0.000197474
0.00017048
0.000188503
0.000202079
0.000210565
0.000182815
0.0001678
0.000168486
0.000177335
0.000189932
0.000202443
0.000223729
0.00024143
0.000218207
0.000182384
0.000161296
0.00012659
0.00014105
0.000168885
0.000163899
0.000186741
0.000211323
0.000196899
0.000202811
0.000214581
0.000197399
0.000174695
0.000168423
0.000198949
0.0002152
0.000219813
0.000218994
0.000212184
0.0002037
0.000181859
0.000165923
0.000162147
0.000170924
0.000194333
0.000189582
0.000190348
0.000155731
0.00016017
0.000141303
0.000198997
0.000228482
0.0002348
0.000227856
0.000193604
0.000111912
4.7114e-05
0.000270565
0.000364196
0.000252805
0.000294802
0.000329927
8.14655e-05
5.71409e-05
0.000224107
0.000240869
0.000198419
0.000154777
0.000160195
0.00014077
0.000198534
0.000243984
0.000234927
0.000226532
0.000192696
0.000110478
0.000103679
0.000269262
0.00033712
0.00024944
0.000369022
0.000334946
7.84603e-05
0.000127124
0.000223066
0.000241147
0.000199529
0.000149856
0.0001495
0.000160847
0.000197747
0.000245487
0.000235607
0.000224354
0.000189378
0.000101925
0.000101279
0.000337192
0.00034569
0.000242475
0.000275706
0.000350408
8.37743e-05
0.000113543
0.000240117
0.000226083
0.000204584
0.000132781
0.000153105
0.000139154
0.000207965
0.000250727
0.000234858
0.000217968
0.00017892
5.10149e-05
5.07618e-05
0.000260104
0.000375011
0.000276017
0.000288327
0.000313037
0.000103567
3.57011e-05
0.000232487
0.000248858
0.000215097
0.000113734
0.000147182
0.000143499
0.000190211
0.000229589
0.000218666
0.000220797
0.00017989
3.92127e-05
5.35719e-05
0.000251379
0.000369424
0.000316308
0.000205081
0.00026454
7.98176e-05
6.58532e-05
0.00021202
0.000264794
0.000201514
0.000109159
0.000173581
0.000139898
0.000150238
0.000199238
0.000201053
0.000221331
0.000126817
4.45179e-05
0.000114919
0.00028697
0.000377881
0.00033014
0.000202372
0.000199308
0.00011435
0.000147318
0.000246965
0.000246303
0.000209755
0.000118458
0.000186437
0.000165282
0.00017347
0.000177391
0.000197186
0.000219529
0.000192102
6.03864e-05
0.000126152
0.000196072
0.000312848
0.000326011
0.000199646
0.000166703
0.000141427
0.000122671
0.000242153
0.000252665
0.000191668
0.000175804
0.000218862
0.000189912
0.000187015
0.000186167
0.000190031
0.000197402
0.000176283
7.20102e-05
0.00014368
0.00020751
0.000278861
0.000314927
0.000160942
0.000144061
0.000118868
0.000134973
0.000218171
0.000229476
0.000183484
0.00019209
0.000220653
0.000209738
0.000193107
0.000200151
0.000189827
0.000190738
0.000169847
0.000116499
0.000174848
0.000228817
0.000278384
0.000306553
0.000181847
0.000152323
0.000104915
0.000166274
0.000209773
0.000212181
0.00018142
0.000194209
0.000215146
0.000215579
0.000200515
0.000203988
0.000193984
0.000188992
0.000165054
0.000148299
0.000189726
0.000241663
0.000264325
0.000253421
0.000216395
0.000158382
8.75209e-05
0.000143225
0.000195102
0.000202279
0.00017996
0.000182938
0.000205454
0.000210622
0.000216397
0.000206764
0.000197492
0.000182623
0.000176641
0.000183556
0.000214269
0.000222519
0.000235832
0.000224962
0.000199217
0.00015966
0.000121747
0.000134197
0.000187511
0.000185672
0.000179928
0.000204203
0.000182468
0.000191899
0.000221321
0.000209768
0.000189185
0.000176057
0.000188856
0.000212405
0.000220905
0.000216195
0.000209352
0.000201297
0.000183475
0.000168969
0.000167038
0.000166682
0.000188216
0.000183052
0.000187044
0.000164474
0.000147202
0.000193798
0.000256219
0.000252249
0.000233294
0.000210124
0.000198272
7.37188e-05
4.77576e-05
0.000207043
0.000357964
0.000329474
0.000229614
0.000264129
0.000194892
0.000182458
0.000206135
0.000196783
0.00014999
0.000138205
0.000164931
0.00022032
0.000256361
0.000237281
0.000233492
0.000209805
0.000162236
3.35244e-05
9.56533e-05
0.000206439
0.000373357
0.000331199
0.000227888
0.000264043
0.000194469
0.00018246
0.000205008
0.000196855
0.000149173
0.000169576
0.000168022
0.000191741
0.000258395
0.000252536
0.000239358
0.00021624
0.000164991
7.15131e-05
3.95565e-05
0.000261835
0.000361533
0.000336529
0.000230095
0.000237538
0.000217944
0.000182499
0.00022884
0.000139029
0.000146239
0.000142646
0.000142973
0.000197786
0.000249281
0.00023615
0.000235048
0.00019642
0.000156904
1.39637e-05
1.34463e-05
0.000282195
0.000382156
0.000319533
0.000242028
0.000228759
0.000182302
0.000176595
0.000192363
0.000197554
0.000156377
9.77845e-05
0.000218415
0.000224367
0.000236205
0.000227376
0.000234901
0.000232613
0.000180847
-6.69655e-06
2.63029e-05
0.000249168
0.000389504
0.000339206
0.000232366
0.000212029
0.000141803
0.000163401
0.00020659
0.0001958
0.000153892
0.000114319
0.000180124
0.00024516
0.000218503
0.000220982
0.000228148
0.000207926
0.000178049
4.4505e-05
2.62466e-05
0.000186679
0.000307717
0.000331799
0.000220509
0.000197716
0.000153098
0.000182645
0.000221424
0.000183751
0.000147769
0.00010683
0.000184782
0.000251492
0.000227691
0.000195396
0.000240554
0.000235952
0.000167509
1.83119e-05
1.22403e-05
0.000135804
0.000339161
0.000324477
0.000233227
0.000180519
0.000146906
0.000150294
0.000237203
0.000229
0.000145414
0.000160792
0.000215696
0.000257168
0.000238648
0.000182084
0.000225402
0.000225659
0.000142947
5.16007e-05
9.3529e-05
0.000144429
0.000268491
0.0003162
0.000209534
0.000169794
0.000160076
0.000173255
0.000227112
0.000227375
0.000117057
0.000203627
0.000230354
0.00025766
0.000226991
0.000186537
0.000182089
0.000192491
0.000167151
0.000148284
0.00013841
0.000156737
0.00022488
0.000280297
0.000205048
0.000157639
0.000165419
0.000151872
0.000204631
0.000222715
0.000140553
0.000211476
0.000233524
0.00023619
0.000217527
0.00020274
0.000179741
0.000163901
0.000153678
0.000143927
0.000139391
0.000166163
0.000213491
0.00023863
0.00020791
0.000177748
0.000166932
0.000164528
0.000221185
0.000215432
0.000169916
0.000179714
0.000206689
0.000231529
0.000220265
0.000209887
0.000207502
0.000160642
0.000168959
0.000182031
0.000195201
0.000203168
0.000209696
0.000195604
0.00018046
0.00017047
0.000149052
0.000160049
0.000173523
0.000197248
0.000181171
0.000193445
0.000173018
0.000169185
0.000202793
0.000217011
0.000192809
0.000179724
0.000185504
0.000202294
0.000211145
0.000207698
0.000204799
0.000191673
0.000173467
0.000167188
0.000177266
0.00016546
0.000170295
0.000174276
0.000189012
3.73369e-05
0.000189814
0.000256399
0.000226384
0.000173969
0.000130898
0.000152478
0.000211765
0.000118943
7.67606e-07
0.000108655
0.000292887
0.000305899
0.000218872
0.000144791
0.000199447
0.000182012
0.000287345
0.000221003
0.000174341
7.54368e-05
0.000189456
0.000255768
0.000204429
0.000173169
0.000128452
0.000149492
0.00021143
0.00011932
-9.26575e-07
0.000106297
0.000292468
0.000305449
0.000217048
0.000139089
0.000195181
0.000179898
0.000283546
0.000218408
0.000145183
5.24162e-05
0.000249508
0.000252875
0.000201892
0.000171424
0.000124534
0.000135848
0.000202757
4.09631e-05
1.93829e-05
9.87517e-05
0.000290041
0.000300738
0.000213353
0.000125134
0.000175013
0.0001737
0.000256851
0.000187536
0.000144156
-1.0866e-05
0.000171994
0.000275548
0.000219463
0.000167552
0.000152646
0.00013382
0.00018043
1.44584e-05
-2.61309e-05
6.71417e-05
0.000280042
0.000259699
0.00020497
0.000118592
0.000142784
0.000157711
0.000238306
0.000178604
0.000155758
-2.7573e-05
0.000189898
0.000259727
0.000263019
0.000205844
0.00016963
0.000131457
0.000171122
1.6451e-05
3.64817e-06
5.76313e-05
0.000337258
0.000315725
0.000215192
0.000133947
0.000134831
0.000143061
0.00022985
0.000147599
0.00012916
6.83392e-05
0.000182477
0.000220778
0.000284914
0.000169655
0.000156087
0.000124726
0.000159251
8.60143e-05
-1.72062e-06
0.000144676
0.000294237
0.00031619
0.000227949
0.000171481
0.000148374
0.000150182
0.000239318
0.00020729
0.000128931
7.32444e-05
0.000209011
0.000227232
0.000258055
0.000215423
0.000147085
0.000120579
0.000145676
5.97665e-05
3.13635e-05
0.000169849
0.000291886
0.000383327
0.000199718
0.000198485
0.000167586
0.000151095
0.000256811
0.000237607
0.000135672
9.07645e-05
0.000183604
0.000259582
0.000259132
0.000185842
0.000144881
0.000104329
0.000104596
8.16569e-05
6.8431e-05
0.000128088
0.000219414
0.000314501
0.000163508
0.00021152
0.000214626
0.000153202
0.000212947
0.000244617
0.000139871
0.000148446
0.000188921
0.000262176
0.000249641
0.000189616
0.000143281
9.58511e-05
9.21464e-05
0.000104308
0.000116176
0.000157031
0.000166419
0.000238623
0.000189916
0.000225288
0.000213217
0.000149193
0.000215066
0.000189876
0.000149483
0.000196484
0.000226618
0.000243488
0.000241439
0.000209894
0.000136358
0.000116947
0.000107631
0.000107686
0.000144335
0.000171356
0.000174016
0.000212263
0.000181253
0.000213315
0.000208134
0.000146669
0.000183004
0.000211656
0.000183227
0.000196286
0.000217973
0.000247949
0.000265289
0.000195284
0.000141921
0.000106198
0.000142719
0.000149591
0.000162107
0.000186439
0.000191629
0.000166614
0.000146043
0.000175994
0.000168001
0.00015268
0.000174505
0.000186825
0.000185404
0.000194009
0.000195828
0.000217234
0.000229474
0.000207817
0.000187307
0.000165572
0.000176037
0.000190246
0.000194307
0.000204831
0.000206744
0.000182246
0.000156393
0.000168671
0.000169777
0.000151156
0.000163996
0.000184356
0.000198422
8.50948e-05
0.00029228
0.000285457
0.000204316
0.000200816
0.00010697
0.000199359
0.000228317
0.000122013
1.22717e-05
0.000116814
0.00029499
0.000299097
0.000219631
0.00010687
6.00327e-05
0.000144226
0.000227884
0.000163911
0.000156466
0.000171511
0.000323181
0.000228467
0.000200909
0.00014592
0.000135457
0.000199419
0.000229095
4.25205e-05
1.06038e-05
0.000114692
0.000295044
0.00029836
0.000173603
0.000104526
6.69067e-05
0.000140863
0.000224377
0.000162318
0.000155774
0.000166246
0.000290928
0.000274087
0.000212552
0.000143071
0.000135423
0.000197958
0.000213376
0.00012003
2.29926e-06
0.000107728
0.000295227
0.000292964
0.000169462
0.000100183
4.24494e-05
0.000129129
0.000198626
0.000163066
0.000151741
6.58312e-05
0.000272554
0.000261292
0.000173729
0.000169561
0.000152228
0.000206321
0.000191827
2.24802e-05
-2.41077e-05
0.000102288
0.00032226
0.00024579
0.000163259
0.000115137
2.59208e-05
9.74342e-05
0.000150624
0.000129729
0.000125435
0.00015655
0.000256891
0.000246302
0.000164558
0.000114688
0.000117345
0.000163426
0.000166242
0.000128798
2.36374e-05
0.000202486
0.000345053
0.000279731
0.00017798
0.000115521
3.48949e-05
8.38572e-05
0.000143478
9.82552e-05
7.76161e-05
0.000155885
0.000230287
0.000227521
0.000216912
0.000161262
8.96378e-05
0.000130489
0.000150566
7.91945e-05
2.1891e-05
0.000141882
0.000338453
0.000283089
0.000172772
0.000175281
0.000142635
0.00011527
0.000165641
0.000127208
4.83327e-05
0.000145737
0.000193632
0.000220299
0.000238131
0.00011656
7.3956e-05
7.95843e-05
0.000142372
0.000107483
6.42707e-05
0.000154451
0.00032997
0.000307879
0.000178392
0.000187879
0.000151887
0.000134432
0.000212063
0.000198405
0.000100666
0.000128179
0.000198751
0.00024213
0.000242918
0.000161123
7.76879e-05
5.73114e-05
7.68332e-05
0.000114312
8.40054e-05
0.000194416
0.00026035
0.000231869
0.00017046
0.000210118
0.000179994
0.000148773
0.000235217
0.000240718
0.000171144
0.000195607
0.000215101
0.000256059
0.00022956
0.000172777
0.000101553
5.99479e-05
4.09103e-05
8.61228e-05
0.000117236
0.000171308
0.0002036
0.000227732
0.000172149
0.000216167
0.000200578
0.00015703
0.000213293
0.000227691
0.000188172
0.000194717
0.00023508
0.000256014
0.000221556
0.000166415
0.000126463
9.73244e-05
7.73234e-05
6.09118e-05
0.00013845
0.000172312
0.000186679
0.00017466
0.000143861
0.000204966
0.000181819
0.000151458
0.000183495
0.000193657
0.000178696
0.000183697
0.00022727
0.000256626
0.000260704
0.000174833
0.00011745
0.000115392
0.000136196
0.000117693
0.000140876
0.000185601
0.000182338
0.00016398
0.00012391
0.000142211
0.000160257
0.000145485
0.000150086
0.000175447
0.000182709
0.000188487
0.000205473
0.000218258
0.000224534
0.000186205
0.000168019
0.000157168
0.000163824
0.000185017
0.000187526
0.000199977
0.00019687
0.000179667
0.000148704
0.000158677
0.000148018
0.0001402
0.000167326
0.000193167
0.000209112
0.000175783
0.000311427
0.000379837
0.000378048
0.000181794
0.000132827
0.00021721
0.000157396
8.4277e-05
3.25902e-05
0.00023038
0.000329199
0.000336645
0.000307112
0.000151462
0.00018276
0.000189554
0.00018081
0.000143195
0.000160721
0.000171863
0.00033878
0.000375468
0.000369108
0.000124825
0.000171515
0.0002218
5.63823e-05
-1.99394e-05
-2.57049e-05
0.000230346
0.000316201
0.000334489
0.000309512
0.000150279
0.000241344
0.000188999
9.81763e-05
0.000196401
0.000158551
0.000166167
0.000310678
0.000356734
0.000353514
0.00012525
0.000117874
0.000219738
5.37595e-05
5.13342e-05
4.01558e-05
0.00032527
0.000318302
0.000420622
0.000174975
0.000225817
0.000205526
0.000184606
0.000128757
7.62254e-05
0.000185385
0.00021611
0.000298246
0.000331379
0.000296927
0.000145436
0.00012459
0.000222254
4.68436e-05
4.92321e-05
1.70668e-05
0.000287637
0.000299102
0.000304531
0.000300226
0.000148383
0.000260259
0.000141729
0.000129885
-1.77882e-05
0.000187532
0.000195157
0.000287064
0.00033418
0.000231261
0.000117425
0.000147216
0.000215914
4.73584e-05
3.9541e-05
-2.97977e-05
0.000296432
0.000291271
0.000386548
0.000289948
0.000164198
0.000214902
0.000109142
0.000129483
8.82315e-05
0.000152264
0.000159732
0.000311272
0.000312665
0.000214659
0.000119026
0.000138828
0.000202229
5.41825e-05
3.95479e-05
6.21594e-06
0.000183175
0.000281095
0.000355932
0.000181349
0.000246211
0.000270025
0.000120017
9.97942e-05
-1.83375e-05
3.31868e-05
0.000197671
0.000290442
0.000286104
0.000227654
0.000161602
0.000189305
0.000226604
3.5247e-05
6.57893e-05
1.81733e-05
0.00012581
0.000268587
0.000325277
0.000285915
0.000202504
0.000259929
0.000137833
0.000216649
7.91397e-05
-6.42945e-06
0.000212475
0.000232368
0.000261649
0.000234909
0.000147367
0.000119481
0.000144571
5.98023e-05
0.000143661
7.86722e-05
0.000175455
0.000189058
0.00026103
0.000220188
0.000239902
0.000240542
0.000154047
0.000210714
0.000208024
6.15929e-05
0.000180043
0.000258428
0.000292546
0.000255371
0.000141444
0.000140367
0.000155091
0.000120405
0.000128349
0.000143778
0.000175669
0.000179772
0.000205106
0.000203
0.000210055
0.000226237
0.000155904
0.000149437
0.000177821
9.48845e-05
0.000196559
0.000259835
0.00028416
0.000247691
0.000164851
0.00013963
0.000125022
0.000145525
0.000177862
0.000175743
0.000171309
0.000170447
0.000168643
0.000139804
0.00018412
0.000187062
0.000140635
0.000141074
0.000138038
0.000130444
0.000196145
0.000228698
0.00027203
0.000259818
0.000200062
0.000139628
0.000138586
0.000156528
0.000167671
0.000202772
0.000202365
0.000193932
0.000160455
0.000136045
0.000125019
0.00013863
0.00013726
0.000131671
0.000138002
0.000162736
0.000206634
0.000224137
0.000233431
0.000223156
0.000180624
0.000160853
0.000152152
0.00016873
0.000186786
0.000199957
0.000204766
0.00020881
0.000199586
0.000168981
0.000136278
0.000145953
0.000160043
0.000189862
0.000194591
0.000189978
0.000175453
0.000274888
0.000291399
0.000280683
0.000179505
5.2078e-05
0.000168077
5.11065e-05
0.000121439
7.15715e-05
0.000142398
0.000232852
0.000285213
0.000295756
0.000164525
0.000290071
0.000238961
0.000183794
0.000214192
0.000343318
0.000205595
0.000273113
0.000290093
0.000280082
0.000179537
8.47977e-05
0.000167411
4.8396e-05
0.000121478
6.99273e-05
0.000183462
0.000250336
0.000283507
0.000295514
0.000160549
0.000255104
0.000231215
0.000173097
0.000335668
0.000346381
0.000200972
0.000264038
0.000283956
0.000231016
0.000109501
5.1322e-05
0.000145527
3.35692e-05
0.000121235
5.28583e-05
0.000176693
0.000246015
0.000280022
0.000300805
0.000205308
0.000231643
0.000214448
8.73793e-05
0.000192232
0.000235214
0.000218837
0.00024964
0.000296589
0.000233826
6.13213e-05
3.15375e-05
0.000195938
-8.11925e-06
0.000123949
2.44551e-05
0.00018165
0.000237123
0.000276091
0.000308127
0.000154243
0.000247652
0.000176663
0.00011486
0.000282115
0.000374246
0.000254363
0.00028537
0.000250326
0.000258935
0.000119269
0.000155099
0.00024286
-1.72977e-05
0.000118673
1.31093e-05
0.000184696
0.00026295
0.000277451
0.000231482
0.000163081
0.000237538
0.000166711
9.75012e-05
5.8841e-05
0.00032682
0.000213722
0.000301638
0.000273371
0.000203295
0.000121968
0.000178013
0.000206912
2.61475e-05
0.000117157
2.66134e-05
0.000138978
0.000275831
0.000283877
0.000204756
0.000186963
0.000237899
0.000129031
0.000111812
9.90111e-05
0.000212753
0.000245439
0.000305702
0.000280094
0.000237587
0.000113483
0.000186678
0.000267963
1.36916e-05
0.000127556
5.72726e-05
0.000275865
0.000266837
0.000269908
0.000221123
0.000196603
0.000189936
0.00013452
0.000124298
0.000107302
0.000132021
0.000228515
0.000287884
0.000292813
0.00024003
7.49283e-05
0.000119871
0.000272897
4.21593e-05
0.00012786
9.40268e-05
0.000311336
0.000316365
0.000232034
0.000175482
0.000185158
0.000175946
0.000109967
0.000126874
0.000155784
0.000133175
0.000224157
0.000276275
0.000280734
0.000177201
0.000109197
0.000186607
0.000212306
0.000115845
0.000138249
0.000119819
0.000240908
0.000277925
0.0002273
0.00018727
0.000188068
0.000134703
7.59447e-05
0.000117131
0.000162412
0.000135284
0.000219284
0.000273232
0.000266229
0.00018644
0.00013857
0.00014439
0.000170256
0.000154879
0.000169576
0.000165281
0.00022325
0.000236576
0.000203761
0.000180579
0.000189443
0.00014728
9.81086e-05
0.000140117
0.00016104
0.000152346
0.000212115
0.000250017
0.000253008
0.000239042
0.000187892
0.000149954
0.000157518
0.000172855
0.00017852
0.000187038
0.000236367
0.000249946
0.000204274
0.000158295
0.000163839
0.000153544
0.000127556
0.000147034
0.00015307
0.00016857
0.000207188
0.000223578
0.00022908
0.000217743
0.000192802
0.000175595
0.000181122
0.000184686
0.000185569
0.000193211
0.000200417
0.000233673
0.000233997
0.000207802
0.000167563
0.000169754
0.000166782
0.000177246
0.000171457
0.00017511
0.000211952
0.000210327
0.000201466
0.000199949
0.000192473
0.000181024
0.000162134
0.000191887
0.000187544
0.000190281
0.000184298
0.000181398
0.000180668
0.000159318
0.000137951
0.000159432
0.000183291
0.000209271
0.000190794
0.000184939
0.000220475
0.000202309
0.000188621
0.000175597
0.000151053
0.000134431
0.00019251
0.000208018
0.000205311
0.000199558
0.000192294
0.00019409
0.000186597
0.000142764
0.000122011
0.000134275
0.000168009
0.000199707
0.000145942
0.000153111
0.000211994
0.000223048
0.000182431
0.000176949
0.000123108
0.000121351
0.000228547
0.000236894
0.000195302
0.000224845
0.000182074
0.00015558
0.000131072
9.61666e-05
9.99742e-05
0.000129013
0.000144381
0.000182757
0.000164476
0.000167083
0.000154037
0.000205224
0.000230046
0.000190147
0.000100407
0.000101668
0.000187362
0.000285279
0.000232494
0.000265226
0.000167627
0.000131655
8.10245e-05
0.000110141
0.000176845
0.000178319
0.000109532
0.000108853
0.000137686
0.000209518
0.000106844
0.000204892
0.000251862
0.000155693
7.75359e-05
7.05973e-05
0.000122223
0.00033832
0.000288295
0.000277283
0.000148643
0.000114743
7.83315e-05
0.000122385
0.000170032
8.3377e-05
5.98187e-05
7.51647e-05
0.000191657
0.000228011
5.85609e-05
0.000211878
0.000251728
0.000151148
8.65171e-05
-2.04e-06
0.000223799
0.000380957
0.000286614
0.000236241
0.000134679
7.08958e-05
4.97056e-05
0.000174053
0.000193126
0.000101201
4.11963e-05
7.19218e-05
0.000264535
0.000246253
-4.92934e-05
0.000328633
0.000307038
0.000190283
0.000109289
-6.17538e-05
8.53216e-05
0.000426571
0.000292373
0.000261232
0.000163056
7.37087e-06
0.000102481
0.000229943
0.000162746
0.000100925
3.33393e-06
8.10641e-05
0.000187961
0.000235811
6.48023e-05
0.000286763
0.000325619
0.000214295
7.18493e-05
-8.96384e-05
0.000158784
0.000466959
0.000289466
0.000260344
-3.68261e-06
-1.48159e-05
0.000181048
0.000281002
0.000157187
6.52434e-05
-9.47871e-07
2.86351e-05
0.000129443
0.000243911
0.000144181
0.000304364
0.000333515
0.000220088
6.19851e-05
-4.25028e-05
0.000192712
0.000560297
0.000282617
0.000219247
9.21456e-05
1.80427e-05
0.000145744
0.000318645
0.000227719
7.27451e-05
-7.66891e-06
-3.92827e-05
8.80925e-05
0.000224552
7.16827e-05
0.000302993
0.000300413
0.000217745
0.000155915
3.12635e-05
0.000172453
0.000507277
0.000249659
0.000199002
7.87055e-05
8.01215e-05
0.000178667
0.000305571
0.000181542
7.93282e-05
-3.11894e-05
5.40381e-05
0.000167638
0.00022742
8.69304e-05
0.000338174
0.000352131
0.000191721
0.000176783
5.37175e-05
0.00017595
0.000588057
0.000333509
0.00021462
0.000142842
9.84259e-05
0.000186283
0.000302108
0.000239588
0.000140609
-2.593e-05
8.62927e-05
0.000171423
0.000242533
9.10991e-05
0.000308473
0.000355705
0.000224632
0.000177899
6.04807e-05
0.000179914
0.000584119
0.000332475
0.000205071
0.000141491
7.14602e-05
0.000187197
0.000299226
0.000242383
0.000141517
-2.26065e-05
3.09181e-05
0.000141647
0.000251257
0.000209108
0.000207233
0.000199321
0.000195427
0.000176861
0.000169195
0.000194218
0.000212115
0.000186047
0.000190081
0.000191452
0.000184934
0.000183301
0.000165175
0.000134001
0.000150481
0.000205006
0.000217957
0.000214523
0.000202122
0.000217664
0.000233989
0.000223607
0.000206753
0.000140262
9.73339e-05
0.000182252
0.000212711
0.000196838
0.000176855
0.000172557
0.000193771
0.000190129
0.000127242
0.000107554
0.000146576
0.000179443
0.000210439
0.000198175
0.000191309
0.000194704
0.000230836
0.000253915
0.000230636
0.00020502
7.30063e-05
0.000117576
0.000228913
0.000182294
0.000165006
0.000178371
0.000185241
0.000146806
0.00011622
0.000107955
0.00014675
0.000169101
0.000178993
0.00018709
0.000158314
0.000158811
0.000250537
0.000286202
0.00026411
0.000126468
-9.48921e-06
3.72861e-05
0.000235599
0.000201587
0.000165178
0.000173786
0.000164307
0.000109211
0.00011228
0.000121401
0.00016554
0.000144236
9.25448e-05
0.000176295
0.00016442
0.000155178
0.000245173
0.000377507
0.000264205
0.000159685
-8.56301e-05
0.000102362
0.000280044
0.000214373
0.000131151
9.32506e-05
0.000157442
0.000120676
0.000108266
0.000141564
0.000148368
9.51701e-05
8.00149e-05
0.000177562
0.000191526
0.0001553
0.00034322
0.000418712
0.000242314
0.000180913
8.61176e-05
0.000160831
0.00032531
0.000175383
0.000120309
0.000133287
0.000203077
-0.000106578
-6.18852e-05
-9.11914e-05
0.00012882
0.000122192
0.000135751
0.000210264
0.000175017
0.00016272
0.000284859
0.000439562
0.000145882
0.000172123
-4.17609e-07
8.94102e-05
0.000374381
0.000221664
0.000193155
0.000135128
0.000128457
-0.000146779
-3.5636e-05
6.02217e-05
0.000116661
0.000134076
0.000119014
0.000171816
0.000192657
0.000194142
0.000317116
0.000453189
0.000167816
0.000241047
0.000172056
0.0001672
0.000406777
0.000285225
0.000250077
9.83174e-05
0.000117246
-3.98841e-05
-1.35722e-06
-0.000149348
9.61115e-05
0.000118246
8.30285e-05
0.000153406
0.000170871
0.000223723
0.000442208
0.000352144
0.000147081
0.000213654
0.000157219
0.000179769
0.000391015
0.000340407
0.00022456
0.000104813
4.27499e-06
-0.000158956
0.000361825
0.000140412
5.23355e-05
0.000237264
0.000173234
0.00016059
0.000151144
0.000233443
0.00034339
0.000347901
0.000152321
0.000275007
0.000127639
0.000178783
0.000357411
0.000319494
0.000243271
0.000104371
-2.76321e-05
-2.6676e-05
0.000175297
-7.69748e-05
1.1002e-05
0.000308193
0.000185533
0.000124911
0.000208155
0.000216777
0.000435581
0.000459496
0.000175236
0.000249926
5.698e-05
0.000193894
0.000413104
0.000324131
0.000228635
6.35047e-05
-1.97674e-05
-3.38891e-05
0.000226782
-2.13137e-05
3.7008e-05
0.000308174
0.000127803
0.000128898
0.000175054
0.00017159
0.00036368
0.000435855
0.000176768
0.000259879
8.33318e-05
0.000127967
0.000414161
0.000425799
0.00026225
6.43774e-05
-1.75144e-05
-2.61269e-05
0.000452824
0.000189438
9.52878e-05
0.000305497
0.000166296
0.000129205
0.000175823
0.00019864
0.000198393
0.000203112
0.000201786
0.000189532
0.000189424
0.000210549
0.000213305
0.000212932
0.000206937
0.00018724
0.000183413
0.000187278
0.000157188
0.000134687
0.000156265
0.000183616
0.000207458
0.00019233
0.000183193
0.00020501
0.000224941
0.000222497
0.000217517
0.000209593
0.000219074
0.000193486
0.000185017
0.000209364
0.000181254
0.000173106
0.000184261
0.000184546
0.000149176
0.000126342
0.000135192
0.000158124
0.000195642
0.000182509
0.000162015
0.000195465
0.00022941
0.000236391
0.000233481
0.000227649
0.00021361
0.000122377
0.000194997
0.000194505
0.000171666
0.000171926
0.000179361
0.000165908
0.00012978
9.72006e-05
0.000131369
0.000159014
0.000181459
0.000179208
0.000157139
0.000178091
0.000240685
0.000269591
0.000219681
0.00024708
0.000224701
9.27353e-05
0.000168217
0.000188856
0.000172056
0.000154362
0.000162157
0.0001769
0.000108012
7.52892e-05
0.000127785
0.000180252
0.000167597
0.00016656
0.000135096
0.000160292
0.000221464
0.000294061
0.000190956
0.00025159
0.000239774
0.000171153
0.000195588
0.000214019
0.000163771
0.000140381
0.000169719
0.000237837
1.96769e-05
5.35173e-05
0.000164804
0.00022544
0.000173714
0.00015698
9.44799e-05
0.000104186
0.000218419
0.000322887
0.000190822
0.00022619
0.000223591
0.000222618
0.000229089
0.000222033
0.000156445
0.000142639
0.00022294
0.000265986
-2.53447e-05
6.59019e-05
0.000275227
0.000265358
0.000133004
0.000132091
4.84244e-05
1.50355e-05
0.000247138
0.000272331
0.000210122
0.000208476
0.000246383
0.000231578
0.000147727
0.000209932
0.000153629
0.000127587
0.000217143
0.000225893
9.02063e-06
6.38694e-05
0.000286864
0.000312428
0.000144931
9.25536e-05
-2.26984e-05
4.46239e-05
0.000362141
0.000333389
0.00021779
0.000184776
0.000279612
0.000255941
8.97919e-05
0.000234935
0.000164951
0.000138151
0.000237524
0.000176396
-7.39402e-05
-5.50434e-05
0.000394405
0.000325185
9.69362e-05
6.89623e-05
-1.31114e-05
7.7311e-05
0.000299987
0.000259318
0.000239252
0.000203694
0.000218225
0.000305121
0.000110781
0.000261139
0.000236841
0.000148468
0.00027105
-4.27996e-05
-0.000162022
3.26304e-05
0.000348684
0.000342828
0.000156599
9.85032e-05
-2.54164e-05
0.000140079
0.000356709
0.000319021
0.000224889
0.000217635
0.000271906
0.000313128
0.000155984
0.000284073
0.000186086
0.000152284
0.000267816
6.80566e-05
-0.000213204
0.000240546
0.00057505
0.000285584
0.000142146
0.000106649
-3.54918e-05
0.000147705
0.00035093
0.000318474
0.00022153
0.000190643
0.000211159
0.000307736
0.00016952
0.000261033
0.000271957
0.000117546
0.000277198
6.65581e-05
-0.000124634
0.000388167
0.000606195
0.00039254
0.000183373
6.36913e-05
-3.10281e-05
0.000117443
0.00028177
0.000318393
0.000221758
0.00021523
0.000215608
0.000305745
0.000172626
0.00026397
0.000272044
0.000118839
0.000279029
6.74591e-05
-8.22956e-05
0.000287565
0.000617661
0.0003896
0.000183914
0.000108041
-2.9406e-05
0.000200595
0.000207751
0.000208449
0.000201048
0.000193078
0.0002022
0.000201983
0.000212366
0.000220445
0.000213798
0.000184202
0.000183804
0.000187915
0.000156683
0.000136558
0.000148454
0.000173487
0.000192372
0.000182382
0.000183048
0.000204986
0.000210617
0.000208459
0.000216885
0.00021517
0.000220443
0.000199681
0.00019047
0.00022679
0.000204665
0.000178865
0.000181836
0.000189039
0.000167966
0.000131315
0.000129234
0.000151576
0.000182893
0.000167398
0.000151108
0.000190677
0.000196641
0.000210065
0.000233854
0.000222209
0.000216776
0.000166867
0.000178971
0.000215717
0.000191125
0.000178645
0.000181505
0.000187581
0.000153495
0.00010922
0.000135535
0.000157625
0.000179773
0.0001728
0.0001504
0.000180754
0.000220402
0.000236366
0.000233796
0.000226008
0.00020897
0.000172785
0.000200196
0.000212284
0.000179665
0.00019004
0.000189708
0.00020244
0.000118491
8.89058e-05
0.000127097
0.00017344
0.000193906
0.000146621
0.000118873
0.000148147
0.000237239
0.00025441
0.000230125
0.000229548
0.000252239
0.000177841
0.000185069
0.000234699
0.000165824
0.000172648
0.000191179
0.000222029
0.000100864
8.81393e-05
0.000143069
0.000200798
0.00017206
0.000133913
5.7562e-05
8.94661e-05
0.000221632
0.000257071
0.00020007
0.000222825
0.000246835
0.000208252
0.000257562
0.000236925
0.000134463
0.000172062
0.000205767
0.000240472
0.00012718
7.25774e-05
0.000198162
0.000240162
0.000228053
0.00011079
1.30223e-05
4.93254e-05
0.000175592
0.000263164
0.000237432
0.000142278
0.000291301
0.000188162
0.00016255
0.000219817
0.000140162
0.000169613
0.000212091
0.000159387
8.19583e-05
5.84417e-05
0.000239559
0.000277017
0.000219575
6.85036e-05
-4.5627e-05
8.88458e-05
0.000258406
0.000280706
0.000131664
0.00017212
0.000258107
1.5808e-05
0.000115554
0.000231216
0.000156843
0.000171621
0.000221668
5.84999e-05
2.5114e-05
0.000106914
0.000239232
0.000252327
0.000187794
0.000115179
-6.37462e-05
8.932e-05
0.000255363
0.000301739
0.000122999
8.7389e-05
0.000237943
9.33894e-05
0.000133877
0.000234314
0.000161396
0.000134122
0.000229726
9.04518e-05
2.9782e-06
8.30383e-05
0.000233897
0.000241443
0.000186094
9.71134e-05
-8.88821e-05
0.000145925
0.000300827
0.000312438
0.000143734
0.00011734
0.000202141
0.000154458
0.000172321
0.000238252
0.00019183
0.000187164
0.000239784
8.28694e-05
-9.07524e-05
0.00024297
0.000309752
0.00025493
0.000184608
9.06977e-05
-9.68825e-05
0.000149571
0.000302683
0.000315045
0.000205789
0.000165313
0.000198379
0.000175952
0.000190601
0.000253198
0.000209334
0.000188804
0.000243826
-1.51712e-05
-7.70223e-05
0.000196925
0.000333517
0.000227223
0.000153138
2.65031e-05
-8.50074e-05
0.000118551
0.000262922
0.000314933
0.000205465
0.000131249
0.000197606
0.000179127
0.000193875
0.000264481
0.000210943
0.000151389
0.000243987
0.00010561
-7.17171e-05
0.000209534
0.000333376
0.000253066
0.000181507
9.92833e-05
-8.07684e-05
0.000207585
0.000219283
0.000215736
0.000191633
0.000193534
0.000208249
0.000193181
0.000214357
0.000230502
0.000224426
0.000190836
0.000183954
0.000183026
0.000167332
0.000156226
0.000141291
0.00018519
0.000207145
0.000200971
0.000176328
0.000204944
0.000213214
0.000189141
0.000181132
0.00019618
0.000223565
0.000183954
0.000232578
0.000253133
0.00023019
0.00019202
0.000184479
0.000197363
0.000180164
0.000137677
0.00012384
0.000165756
0.000192553
0.000163308
0.000158149
0.000181362
0.000168326
0.000171676
0.000194619
0.000190027
0.000188897
0.000168025
0.000267591
0.000250172
0.000220708
0.000211649
0.000207939
0.000201738
0.000166143
0.000110301
0.000128603
0.000157816
0.000184452
0.000170862
0.000159152
0.000190921
0.000155362
0.000181622
0.000200315
0.000167276
0.000196204
0.000187257
0.000211551
0.000219713
0.000219358
0.00025166
0.000238008
0.000230833
0.000160924
9.98196e-05
0.000127014
0.000194711
0.000200309
0.000149268
0.000124943
0.000227047
0.000172848
0.000195764
0.000196719
0.000141715
0.000197401
0.000186729
0.000205402
0.000230405
0.000253584
0.000243789
0.00022902
0.000238068
0.000111477
7.30029e-05
0.000122624
0.000202209
0.000212939
0.000145635
0.000111839
0.00022562
0.000198876
0.000222371
0.000188582
0.000133103
0.000186242
0.00014065
0.000173105
0.000251172
0.000235872
0.000300857
0.000233799
0.000223747
0.00012525
8.3114e-05
0.000125304
0.000148084
0.000199029
0.000163162
6.1724e-05
0.00019748
0.000204092
0.000248116
0.00018382
0.000156456
0.000157076
9.98848e-05
0.000247199
0.000287092
0.000231559
0.000304484
0.000239052
0.00018143
0.000151135
7.16222e-05
9.99323e-05
0.000170501
0.000184305
0.000196758
8.04648e-05
0.000174239
0.000204129
0.000269305
0.00017555
0.000146719
0.000159759
9.49036e-05
0.000288653
0.000267717
0.000217226
0.000257727
0.00023879
0.000165854
0.000106827
5.21002e-05
9.95143e-05
0.000148646
0.000155439
0.000202234
6.77284e-05
0.00017108
0.000283704
0.000270302
0.000121751
0.000153472
0.000143313
8.27086e-05
0.000311901
0.000355728
0.00021008
0.000298961
0.000278836
0.000166564
0.000132052
3.34888e-05
0.000146846
0.00015575
0.00019932
0.000169599
2.45374e-05
0.000183697
0.000230097
0.00025366
0.000168913
9.59781e-05
0.00016728
8.78611e-05
0.000307296
0.00033767
0.00020936
0.000297291
0.000256695
0.000151795
0.00011344
6.35423e-05
0.000116512
0.000150703
0.000166731
0.00012829
0.00013705
0.000186296
0.000254632
0.00027963
0.000169211
0.000147662
0.000171396
9.37477e-05
0.0003107
0.000293508
0.000190227
0.000290836
0.000227014
0.00018448
0.000136913
0.000103772
0.000151741
0.000145059
0.00016701
0.00020549
0.000108984
0.000172771
0.000232084
0.00026413
0.000168967
0.000102442
0.000183516
9.63719e-05
0.000237458
0.0003378
0.000214895
0.00022469
0.00025688
0.000186482
0.000155855
0.000105975
0.000151885
0.000143886
0.000134563
0.000207882
0.000111766
0.000197512
0.000203161
0.000185248
0.000192666
0.000204908
0.000202118
0.000179822
0.000192044
0.000230613
0.000211857
0.000174038
0.000177359
0.000176723
0.000167633
0.000164353
0.00015747
0.00018481
0.000228796
0.000194591
0.000169626
0.000194314
0.000199741
0.000160719
0.000178501
0.000197207
0.000190379
0.000137878
0.000177594
0.000228281
0.000215795
0.000188139
0.000181781
0.000183435
0.000178206
0.000153869
0.000156018
0.000240851
0.000223641
0.000184552
0.000145593
0.000178398
0.000172451
0.000166246
0.000203064
0.000196475
0.000144404
0.000101159
0.000230291
0.000244587
0.000234277
0.000218742
0.000203755
0.000204848
0.000159367
0.000124246
0.000143902
0.00018478
0.000207005
0.000154002
0.000166189
0.000254239
0.000168588
0.000191749
0.000202193
0.000173169
0.00011337
7.94043e-05
0.000231486
0.00024635
0.000241229
0.000259291
0.000228042
0.000163429
0.000127658
0.000137402
0.00014041
0.000170281
0.000202723
0.000144379
0.000134015
0.000258506
0.000179402
0.000186311
0.000210711
0.000220128
0.000120748
8.04372e-05
0.000225644
0.000250879
0.000272479
0.000278225
0.000242192
0.000166989
0.000129058
0.000119314
0.000131283
0.000169211
0.000204753
0.0001683
0.000135281
0.000265687
0.000181427
0.000193425
0.000217729
0.0001797
0.000146848
8.57043e-05
0.000177291
0.000254262
0.000287807
0.000303958
0.000256238
0.000155142
0.000121275
0.000111911
0.000121727
0.000156563
0.000219874
0.000174338
0.000128239
0.000272914
0.000180958
0.000181918
0.000206387
0.000114576
0.000119083
8.20838e-05
0.000206499
0.000231425
0.00028984
0.000334501
0.000263371
0.000138927
0.000129216
0.000119263
0.000101408
0.000157471
0.000219383
0.000171202
0.000121927
0.000267107
0.000199633
0.000168084
0.000204145
0.000138899
0.000114029
0.000105192
0.000184533
0.000205979
0.000258236
0.00035354
0.0002732
0.00010426
0.000146306
0.000144044
0.000115792
0.000194466
0.000200531
0.000149351
0.000125653
0.000247773
0.000152601
0.000166628
0.000195995
0.000155848
0.000144585
0.000129884
0.000164657
0.000204144
0.00025886
0.000378909
0.000279746
0.000116841
0.000155733
0.00014257
0.000117258
0.000196395
0.00021913
0.00020489
0.000177605
0.00026315
0.000160371
0.000144693
0.000193867
0.000199767
0.00017582
0.000152605
0.000175253
0.000203767
0.000259596
0.00038099
0.000284166
0.000131963
0.000160773
0.000157388
0.000131991
0.000200139
0.000234316
0.000218466
0.000143281
0.000245925
0.000165336
0.000149425
0.000193352
0.000191461
0.000170732
0.00016017
0.000199344
0.000209273
0.000320178
0.00039174
0.000205843
0.00013468
0.000163159
0.000156593
0.000133519
0.000198737
0.000234021
0.000218535
0.000181417
0.000260988
0.000196121
0.000150873
0.000193211
0.000198961
0.000178898
0.000157638
0.00018541
0.00020372
0.000263825
0.000391157
0.000283765
0.000135098
0.000159031
0.000155567
0.000127259
0.000174148
0.000220787
0.000218468
0.000144838
0.000204413
0.000209246
0.0001929
0.000183912
0.00019172
0.000192038
0.000189664
0.000195011
0.000226347
0.000187396
0.000160887
0.000167009
0.000166329
0.000153832
0.000165148
0.000168837
0.00018422
0.000225054
0.000183132
0.000167178
0.000207494
0.000179486
0.000156641
0.000171375
0.000192428
0.000189521
0.000159864
0.000186757
0.000230398
0.000209995
0.000179457
0.00017568
0.00018307
0.000167164
0.000154054
0.000146571
0.000222667
0.000232602
0.000157318
0.000134734
0.000210783
0.000146866
0.000124586
0.000167685
0.000186249
0.000149825
0.000114953
0.000188693
0.00024983
0.000223007
0.000207546
0.000194569
0.000174711
0.000135514
0.00015298
0.000178354
0.000179896
0.00019836
0.000146582
0.000149776
0.000267613
0.000160001
0.000156165
0.000175403
0.00017674
9.66975e-05
8.80299e-05
0.000227969
0.000253972
0.000243034
0.000245614
0.000208488
0.000156724
0.000121998
0.000169841
0.000127465
0.000126717
0.000189909
0.000150561
0.000141434
0.00023824
0.000195277
0.000166593
0.000203125
0.000209214
8.51078e-05
5.83401e-05
0.000227958
0.000252851
0.000249806
0.000273741
0.000207168
0.000124957
0.000109713
0.000127564
0.000111078
0.00016596
0.000215004
0.000169545
0.000139986
0.000264457
0.000204751
0.000187882
0.000197131
0.000172802
9.23404e-05
6.51745e-05
0.000168955
0.000241468
0.000297392
0.000295073
0.000207056
9.45828e-05
0.000113845
0.000113907
0.000127701
0.000151004
0.000229351
0.000163702
0.000132027
0.000258791
0.000210856
0.000178208
0.000186464
0.000152885
0.00014567
9.10798e-05
0.00022157
0.000220404
0.000269974
0.000307765
0.000212068
9.86412e-05
0.000141119
0.000131335
0.000119539
0.000162418
0.00023232
0.000188407
0.000143497
0.000249535
0.000198951
0.000182317
0.000160309
0.000134438
0.000138605
0.000102291
0.000171651
0.000210604
0.000278479
0.000334004
0.000233833
7.18278e-05
0.000153091
0.000134565
0.000127134
0.000169847
0.000239176
0.000187981
0.000161876
0.000261912
0.000147658
0.000149416
0.000164659
0.000168612
0.000156951
0.000121556
0.000174215
0.000207137
0.00034773
0.000407928
0.000254881
5.54493e-05
0.000156263
0.000138496
0.000123425
0.000165542
0.000238562
0.000198664
0.000146289
0.000254556
0.00017139
0.000160981
0.000180904
0.000190747
0.000170699
0.000135631
0.000205552
0.000210625
0.000269282
0.000415088
0.000278503
6.92325e-05
0.000127746
0.000143509
0.000126975
0.000163591
0.000242823
0.000206106
0.000151608
0.000251702
0.000145199
0.000143004
0.000188908
0.000193087
0.000192764
0.000142482
0.000210782
0.000211545
0.000358819
0.000414706
0.000280248
7.43338e-05
0.000145734
0.000151687
0.000127215
0.000163174
0.000244205
0.000204005
0.000180449
0.000250897
0.000175067
0.000143635
0.000184361
0.000193393
0.000193165
0.000144354
0.000186467
0.000212993
0.000269464
0.000442778
0.000280163
7.59961e-05
0.000128401
0.000151528
0.000131845
0.000163354
0.000241473
0.000203304
0.00015312
0.000197183
0.000216927
0.000197132
0.000190939
0.000183375
0.000170875
0.000188798
0.000220564
0.00024869
0.000234199
0.00017342
0.000170488
0.000164429
0.000157431
0.000171562
0.000174521
0.000182987
0.000199437
0.000193725
0.000177449
0.000232768
0.000203787
0.000185026
0.000203636
0.000192031
0.000183638
0.000180732
0.000214807
0.000255417
0.000213576
0.000155654
0.00016915
0.00017898
0.000172281
0.000174729
0.000160061
0.00017803
0.000189728
0.000216766
0.000189841
0.000260192
0.000193121
0.000168961
0.00020524
0.000184544
0.000143829
0.000134771
0.000215594
0.000222892
0.00018472
0.00020513
0.000190116
0.00018346
0.000173189
0.000175553
0.000178931
0.000171903
0.000263076
0.000217888
0.000139802
0.000173578
0.000133896
0.000206141
0.000180963
0.000172213
0.000135274
0.000128947
0.000206315
0.000206766
0.000193965
0.000221321
0.000178767
0.000170989
0.0001475
0.000162283
0.00013768
0.000147154
0.000248796
0.000179711
0.000139124
0.000128317
0.000198906
0.000223224
0.000194482
0.000188802
0.000126101
0.000111476
0.000250416
0.000265246
0.000181733
0.00024642
0.000195624
0.000162697
0.000124687
0.00015685
0.000116516
0.000167499
0.000284019
0.000191802
9.95177e-05
0.000120699
0.000140864
0.000198072
0.000170369
0.000199248
0.000139571
0.000129268
0.000247053
0.000198845
0.000152347
0.00024527
0.000205608
0.000151571
8.77986e-05
0.000169187
6.89099e-05
0.00010024
0.000246386
0.000163409
0.000118312
0.000120874
0.000125713
0.000212177
0.000189298
0.000191268
0.000155902
0.00015355
0.000245012
0.000180046
0.000150409
0.00025015
0.000234795
0.000135288
6.51641e-05
0.000164722
6.35763e-05
0.000181355
0.000220343
0.000134175
0.000125781
0.000162273
0.000145281
0.000234008
0.000189474
0.000174001
0.000175788
0.000172509
0.000268377
0.000174497
0.000132703
0.000251614
0.000240638
9.87551e-05
0.000102678
0.000179541
8.38082e-05
8.53383e-05
0.000233392
0.000121437
0.000144751
0.000192168
0.0001569
0.000243208
0.000193309
0.000152607
0.000194333
0.000201878
0.000226833
0.000184849
0.000141804
0.000226996
0.000231538
9.33278e-05
6.90758e-05
0.000194435
7.31583e-05
0.000173071
0.000240347
0.000105491
0.000167754
0.000234428
0.000170285
0.00022436
0.000205293
0.000131057
0.00021377
0.000228832
0.000187349
0.000203456
0.000171751
0.000248823
0.000228181
0.000111934
0.000181182
0.000206158
7.5925e-05
9.95521e-05
0.000258754
0.000127354
0.000227106
0.000214572
0.000169342
0.000221494
0.000167417
0.000144944
0.000218719
0.000223438
0.000190961
0.000217949
0.000209578
0.000252065
0.000227719
0.000125968
0.00019127
0.000200975
0.000134542
0.000111543
0.000319678
0.00013564
0.000220874
0.000232775
0.000169973
0.000222176
0.000205906
0.000135456
0.000220775
0.000221835
0.000190282
0.00019462
0.000216074
0.000253978
0.00022645
0.000129225
0.000158649
0.000198727
0.000135444
0.000116469
0.000320614
0.000137787
0.000175337
0.000200326
0.000217844
0.000211949
0.00018162
0.000176711
0.000162763
0.000193494
0.000228984
0.000271425
0.000236751
0.000200199
0.000160608
0.000160081
0.000161376
0.000167489
0.000182867
0.000189179
0.000185516
0.000174878
0.000182017
0.000211384
0.000196123
0.000184882
0.000190675
0.000170632
0.000162327
0.000179502
0.000217624
0.00025494
0.000231034
0.000185216
0.000193214
0.000180161
0.000172392
0.000176505
0.000196341
0.000214467
0.000212746
0.000194354
0.000184545
0.000236752
0.000204517
0.000202988
0.000204758
0.000172699
0.000152236
0.000170406
0.000223857
0.000247717
0.000216199
0.000222336
0.000211999
0.000186189
0.000181266
0.000175242
0.000196902
0.000196401
0.000220947
0.000206546
0.000165649
0.000200151
0.000227699
0.000242137
0.000181623
0.000170844
0.000151891
0.000156366
0.000195829
0.000232293
0.000240986
0.000255632
0.000201664
0.000174094
0.000165454
0.000164308
0.000171563
0.000170584
0.000220708
0.000178933
0.000185329
0.00017423
0.000210325
0.000258174
0.000196253
0.000169721
0.000167368
0.000142954
0.000184457
0.000235088
0.000268761
0.000261322
0.000220284
0.000177767
0.000153891
0.000161528
0.000127663
0.000118021
0.000237556
0.000188452
0.000219811
0.000141345
0.000238266
0.000256753
0.00017752
0.000174634
0.00018483
0.000150914
0.0002306
0.000244248
0.000247934
0.000270836
0.000228579
0.000167528
0.000137966
0.00015007
0.000117682
0.000120052
0.000256369
0.000199886
0.000225938
0.000125392
0.000192503
0.000252736
0.00018664
0.000173624
0.000186557
0.000167426
0.00022315
0.000226391
0.000194836
0.000290053
0.000226161
0.000120949
0.000116712
0.000148484
0.00014008
0.000124051
0.000272756
0.000178241
0.000226876
0.000148104
0.000222002
0.000257093
0.000170003
0.000165144
0.000205713
0.000161546
0.000195636
0.000165902
0.000173402
0.000273158
0.000215245
0.000158255
0.000121151
0.000163657
6.59554e-05
0.000228429
0.00033644
0.000198627
0.000253894
0.000162175
0.000291327
0.000284483
0.000170934
0.000191746
0.000168384
0.000157112
0.000191295
0.000143582
0.000250108
0.000282088
0.000216623
0.000168309
0.000118351
0.00017136
4.36716e-05
0.000154757
0.00035825
0.000198545
0.00024918
0.000115359
0.00021674
0.000335959
0.000194367
0.000177153
0.000132681
0.000121855
0.000164704
0.000167943
0.00030193
0.000300355
0.00023969
0.00016739
0.000119554
0.000179105
0.000142318
0.000252556
0.000392234
0.000202655
0.000219603
0.000111845
0.000323374
0.000356699
0.000199432
0.00019493
0.000172521
0.000129751
0.000187234
0.000176337
0.000316222
0.000337039
0.000245273
0.000169447
0.000157476
0.000180751
0.000132449
0.000275035
0.000488978
0.000207969
0.000219892
0.000147161
0.000226315
0.000355756
0.000200098
0.000182268
0.000174076
0.000132134
0.000186944
0.00013971
0.000270234
0.000337093
0.00024635
0.000170805
0.000131317
0.000183639
0.000160643
0.000278546
0.000483645
0.000209351
0.000212706
0.000191817
0.000210926
0.000208379
0.000195351
0.00017208
0.000160106
0.000187818
0.000220949
0.00025236
0.000235729
0.000171175
0.00015132
0.000147721
0.000155209
0.000163327
0.000190767
0.000191103
0.000181899
0.000164793
0.000177869
0.000186259
0.000203329
0.000226429
0.000208352
0.000178967
0.000167347
0.0001937
0.000221068
0.000246929
0.000228734
0.000178949
0.000190686
0.000167477
0.000160754
0.000170252
0.000186944
0.000211312
0.00020414
0.000173634
0.000182763
0.000216242
0.00023896
0.000228379
0.00020555
0.000170683
0.000182542
0.000183023
0.000221604
0.000243207
0.000220872
0.000214729
0.000216045
0.00019616
0.000167459
0.000158445
0.00018513
0.000183889
0.000181063
0.000173966
0.000174619
0.000211338
0.000238822
0.000246647
0.000183085
0.000157505
0.000191227
0.000192037
0.000220164
0.000224269
0.000238381
0.000256775
0.000202709
0.000185475
0.000165012
0.000156944
0.000175112
0.000157331
0.000172151
0.000173264
0.000174533
0.00021724
0.000229682
0.00026491
0.000190249
0.000157429
0.000188394
0.000189095
0.000225936
0.000217543
0.000224168
0.000243285
0.000219034
0.000168384
0.000143873
0.000152924
0.000152106
0.000119285
0.000178644
0.000208759
0.000207273
0.000187659
0.000261927
0.000276815
0.000172782
0.000187426
0.000216902
0.000201482
0.000223123
0.000201143
0.000216158
0.000258457
0.000226726
0.000177877
0.000132629
0.000147957
0.000136794
0.000113754
0.000179745
0.000217059
0.000166252
0.000172278
0.000239723
0.000294653
0.000192223
0.000214256
0.00024408
0.000218222
0.000210684
0.000182862
0.000184427
0.000256447
0.000245886
0.000112368
0.000134405
0.000143172
0.000117534
0.000100783
0.000211797
0.000202037
0.000204276
0.000184288
0.000329882
0.000330331
0.000182073
0.000247968
0.000250084
0.000187399
0.000191268
0.00014976
0.000220731
0.000273016
0.000262069
0.00017449
0.000115108
0.000138565
8.1201e-05
0.000104365
0.000223569
0.000227361
0.000240872
0.000199384
0.0002872
0.000357163
0.000180037
0.000278576
0.000279594
0.000146558
0.000210886
0.000174402
0.000204042
0.000279132
0.000258193
0.000187497
9.59307e-05
8.44617e-05
8.67353e-05
0.000145656
0.000239677
0.000229471
0.000233208
0.000219113
0.000347271
0.00039466
0.000186272
0.000239698
0.000232586
0.00018744
0.00022172
0.00022581
0.000259218
0.00027781
0.000252599
0.000114118
7.1033e-05
4.96623e-05
0.000122917
0.000178052
0.000270119
0.00026859
0.000234429
0.000190493
0.000355445
0.000405773
0.000171526
0.000243228
0.000240305
0.000200287
0.000222844
0.000238136
0.000261454
0.000275042
0.000251715
0.000180031
7.16038e-05
5.50554e-05
0.00013171
0.000187107
0.000293428
0.000274441
0.000232693
0.000232949
0.000261185
0.000404936
0.00018869
0.000243131
0.000279016
0.000200965
0.000222328
0.000234553
0.000247069
0.000274642
0.000251185
0.000178119
7.32472e-05
5.8902e-05
0.000103285
0.000189138
0.000294679
0.000273776
0.000262858
0.000203727
0.000215695
0.000230486
0.000210785
0.000179087
0.000164617
0.000176464
0.000203561
0.000225952
0.000216135
0.000193604
0.00017472
0.000175379
0.000132785
0.000139187
0.000162012
0.000172813
0.000159095
0.000149625
0.000163877
0.00023202
0.000280406
0.000269046
0.000202461
0.000171986
0.00016938
0.000207661
0.000212573
0.000234376
0.000212982
0.000205804
0.000229275
0.000147909
8.33354e-05
8.22527e-05
9.57945e-05
0.000162477
0.000171851
0.000162124
0.000170792
0.00027625
0.000296629
0.000247813
0.000204985
0.000178203
0.000181864
0.000198665
0.000223636
0.000254462
0.000232863
0.000224274
0.000199497
0.000156784
6.15643e-05
3.56559e-05
0.000143877
0.000157448
0.000141269
0.000145547
0.000157834
0.000247509
0.000261341
0.000247754
0.000196516
0.000188045
0.000195542
0.000216391
0.000230376
0.000243462
0.000246176
0.000182553
0.000155519
0.000140761
5.03275e-05
9.82914e-05
0.000167895
0.00015216
0.000138036
0.000137867
0.000165606
0.000226836
0.000231495
0.000222324
0.000203331
0.000201936
0.000205661
0.000217035
0.000233808
0.000206747
0.000193588
0.000121385
0.000150961
0.000119237
9.27257e-05
0.000173827
0.00016203
0.000130136
0.000123771
0.000138392
0.00016447
0.000209359
0.000225852
0.000218662
0.000191756
0.000214014
0.000235051
0.000221954
0.000220314
0.00020225
0.000199331
0.000138791
0.000183793
0.000105609
0.000144228
0.00020323
0.00014845
8.35516e-05
0.000106781
0.000144799
0.000170668
0.00015083
0.000261339
0.000240204
0.000181469
0.000235973
0.000250366
0.000205821
0.000184644
0.000223954
0.000196352
0.000204379
0.000139285
3.88491e-05
0.000193227
0.000239502
0.000165428
2.6797e-05
0.000106291
7.75531e-05
0.00015026
0.000144431
0.000248173
0.000247541
0.00015898
0.000231829
0.00026376
0.000156345
0.000177157
0.000263541
0.00015689
0.000214901
0.000184543
8.27641e-05
0.000170638
0.000241111
6.86093e-05
5.30809e-05
0.000142418
0.000140331
0.000148911
8.45508e-05
0.00030008
0.000270026
0.000168259
0.000271135
0.00022862
0.000143645
0.000249691
0.000292397
0.000233573
0.000217267
0.000163913
6.60263e-05
0.00028031
0.000220746
0.000235749
9.26077e-05
0.00010778
9.82875e-05
0.000108719
0.000116044
0.000305776
0.000261589
0.000150807
0.000269363
0.000318962
0.000221898
0.000206831
0.000286496
0.000233199
0.000228515
0.000176797
6.80367e-05
0.000292092
0.000133815
0.000127122
0.000146725
0.000175033
0.000113484
0.000171467
0.000171451
0.000306174
0.000267383
0.000161998
0.000282364
0.00030482
0.0001895
0.000210565
0.000288118
0.000236871
0.00023128
0.00017845
8.79285e-05
0.000284336
0.00017815
0.000129333
0.000154686
0.00018426
0.000123581
0.000178638
0.000132764
0.000273378
0.000270017
0.000165723
0.000292378
0.000330656
0.000225814
0.000212261
0.000302382
0.000237748
0.0002306
0.000179026
8.33063e-05
0.000280857
0.000177585
0.000130592
0.000150045
0.000179369
0.000151627
0.000137343
0.00021097
0.00020929
0.000215552
0.000206475
0.000184468
0.000154479
0.000174239
0.000212456
0.000215509
0.000203792
0.000197504
0.000193614
0.000166006
0.000120661
0.000127645
0.000160258
0.000174482
0.000180731
0.000171869
0.00018634
0.000217415
0.000238779
0.000243577
0.000191462
0.000159498
0.000157054
0.00020307
0.000239962
0.000209302
0.000213023
0.000211694
0.00020459
0.000146296
9.25034e-06
2.29063e-05
0.000121592
0.000214401
0.000211134
0.00014801
0.000148644
0.000246717
0.000258474
0.000233779
0.000169096
0.000150366
0.000147125
0.00023852
0.000246983
0.000227487
0.000210487
0.000214358
0.000223161
0.000106008
5.52298e-06
-1.60494e-05
0.000189108
0.000216688
0.000176916
0.000133524
0.000135262
0.000237047
0.000243553
0.0002183
0.000188091
0.000154303
0.000150161
0.000222472
0.00023741
0.000197967
0.000215821
0.000232645
0.000217464
0.000144666
1.32926e-05
6.84e-05
0.000216945
0.000213448
0.000181577
0.000124119
8.15926e-05
0.000217386
0.000224509
0.000228334
0.000137051
0.0001328
0.000168987
0.000217674
0.000222875
0.000183305
0.000195559
0.000202664
0.000205715
5.39368e-05
2.83514e-05
0.000230406
0.000246847
0.00020593
0.000150273
9.94391e-05
0.000132092
0.000202878
0.000241347
0.000193363
0.00012433
0.000145172
0.000126109
0.000174066
0.000214071
0.000171094
0.00016277
0.000117242
0.000161229
6.32413e-05
9.87166e-05
0.000226503
0.000278609
0.000196778
0.000169346
0.000100158
0.000104263
0.000202669
0.000259639
0.000237869
0.000142426
0.000201538
6.75849e-05
0.000124591
0.000259266
0.000175698
0.000107251
5.18518e-05
9.18329e-05
-1.17988e-05
0.000148449
0.000304
0.000285275
0.00019787
0.000145606
0.00011097
0.000199704
0.000227701
0.000282035
0.000254439
0.000151245
0.000148395
6.47964e-05
0.000106283
0.000297339
0.000203749
-3.16268e-05
-2.55089e-05
7.93567e-05
-1.08158e-05
0.000104255
0.000253052
0.000263322
0.000212127
0.000141341
0.000129488
0.000181315
0.000223147
0.000251686
0.000252334
0.000135974
0.000148702
7.81278e-05
0.000121012
0.000327617
0.000247118
9.2941e-05
6.39101e-05
6.72014e-05
3.59538e-05
0.000127993
0.000263931
0.000261193
0.000200457
0.000138357
0.000148044
0.000186914
0.00023465
0.000262122
0.000193379
0.000164566
0.000154713
0.00010897
0.000234086
0.00033303
0.000278009
8.61375e-05
0.000129146
0.000141155
8.95793e-05
0.000181841
0.000259619
0.000251822
0.000201783
0.000139139
0.000143228
0.000187246
0.000233578
0.000265387
0.000270043
0.000173903
0.000160276
0.000105848
0.000194431
0.000328991
0.000286313
9.29024e-05
0.00013472
0.000104518
0.000107808
0.000194716
0.000261998
0.000263525
0.000206564
0.00013981
0.000144806
0.000190754
0.000232354
0.00023298
0.000269676
0.000175721
0.000228559
0.000111462
0.000197396
0.000327986
0.000310785
0.000167148
9.51838e-05
0.0001477
7.67727e-05
0.000195724
0.000261528
0.000263447
0.000207973
0.00014076
0.000145854
0.000192005
0.000210522
0.000207852
0.000210348
0.000210872
0.000177168
0.000164053
0.000192758
0.000207771
0.000198847
0.000197695
0.000197607
0.000185458
0.000161115
0.000121891
0.00013887
0.000166658
0.000180858
0.000189477
0.000183283
0.000184848
0.000201635
0.000212378
0.000213346
0.000200911
0.000163667
0.000179767
0.00022209
0.000248264
0.000211433
0.000213375
0.000205555
0.000200714
0.00013984
5.48169e-05
0.000105876
0.000158146
0.000215799
0.000216054
0.000164835
0.000130179
0.000228594
0.000222388
0.000203478
0.000178827
0.000152578
0.000158836
0.000222843
0.000231638
0.000215024
0.000207454
0.000203711
0.000202418
0.000164914
4.71014e-05
6.05534e-05
0.000176364
0.000244417
0.000190276
0.000147371
0.000112953
0.000244306
0.00021681
0.000187686
0.000174959
0.000159417
0.000143731
0.000220019
0.000235362
0.000195552
0.000193455
0.000219143
0.000207282
0.000128126
8.42277e-05
0.000150042
0.00021674
0.000208434
0.000180451
0.000141026
6.96102e-05
0.000232686
0.000208075
0.000204668
0.000155395
0.000149841
0.000170046
0.000251417
0.000272396
0.000210652
0.000182721
0.000214125
0.000240858
0.000131274
7.20189e-05
0.000130435
0.000240845
0.000207268
0.000175242
0.000133882
7.82834e-05
0.00022277
0.000226988
0.000195118
0.000161606
0.000189915
0.000170175
0.000252439
0.000271045
0.000177523
0.00015104
0.00015968
0.000264001
0.000180309
3.29776e-05
0.000204114
0.000197448
0.000211399
0.000195138
0.000111902
0.000143955
0.000187585
0.00023315
0.000106954
0.000209773
0.000216776
0.000155598
0.000193563
0.000228939
0.000155001
4.28355e-05
0.000163178
0.00026425
6.33875e-05
5.77089e-05
0.000209212
0.000213617
0.00021278
0.000163929
0.000146101
0.000169588
0.000166389
0.000238487
0.00016384
5.78877e-05
0.00027658
0.000204569
0.000205855
0.00020407
9.06827e-05
6.88865e-06
0.000155765
0.00020877
1.68107e-05
9.09691e-05
0.000177686
0.000211659
0.000214606
0.000186982
0.000168653
0.000188317
0.000195006
0.000247674
0.000168375
0.000244161
0.000265641
0.000231427
9.73962e-05
0.000147259
0.000112575
1.30735e-05
0.000133214
0.000167899
-6.77369e-06
0.00011914
0.000187066
0.000213592
0.000219069
0.000176426
0.000155179
0.000185339
0.000234913
0.000267213
0.000209752
0.000134121
0.000256268
0.000244178
0.000206165
0.000167583
0.000142774
0.00010582
0.000180775
0.00017322
1.36633e-05
0.000110685
0.000210431
0.000231486
0.000230011
0.000187759
0.000141709
0.000178206
0.00023991
0.000262677
0.000214653
0.000154186
0.000244395
0.000192108
0.000232873
0.000199081
0.000197517
6.94956e-05
0.000127512
0.000157709
-1.61297e-06
0.000160422
0.000214258
0.000229893
0.000233508
0.000186552
0.000144901
0.000182319
0.000239325
0.000235192
0.000214242
0.000160315
0.000241049
0.000193273
0.000236444
0.000205105
0.000190379
0.000125494
0.000129625
0.000154386
1.61185e-06
0.000120593
0.000214208
0.000230097
0.000234637
0.000186664
0.000146386
0.000182735
0.000203049
0.000197532
0.000208341
0.000205318
0.000189462
0.000174433
0.000184144
0.000183693
0.000193082
0.000198596
0.000198147
0.000192657
0.000166542
0.000157255
0.000163154
0.000170515
0.000176953
0.000200145
0.000195797
0.000175095
0.000191105
0.000194717
0.000199889
0.000185851
0.000176289
0.00020054
0.000231228
0.000226363
0.000201028
0.00021929
0.000209865
0.000198461
0.000145645
0.000105572
0.000150118
0.000175116
0.000205484
0.00020877
0.000183414
0.000166887
0.000214762
0.000191549
0.000182363
0.000156867
0.000158382
0.000177615
0.00023866
0.000208955
0.000183765
0.000207018
0.000206821
0.000196611
0.000140742
0.000106361
0.000127461
0.000212784
0.000236252
0.000212222
0.000191784
0.0001371
0.000238234
0.00016367
0.000178753
0.000158842
0.000161629
0.000181582
0.000243898
0.000232283
0.000217098
0.00021036
0.000201961
0.00019269
0.000128402
0.000103831
0.00015006
0.000220894
0.000235848
0.000194484
0.000218102
0.000134774
0.00021602
0.000140466
0.00022471
0.000190433
0.000160107
0.00017478
0.000258747
0.00024862
0.000227153
0.000214394
0.000200643
0.000183919
0.000153054
8.63265e-05
0.000149164
0.000243347
0.000235186
0.000220841
0.000260891
0.000145115
0.000205301
0.000108113
0.000248617
0.000185603
0.000143914
0.000184389
0.000291405
0.000286059
0.000261647
0.000219827
0.000188533
0.000171071
9.64744e-05
0.000137837
0.000147919
0.000244098
0.000243317
0.000241204
0.000266685
0.000219156
0.000108816
0.000137959
0.00017659
9.38577e-05
0.000145152
0.00026338
0.000306758
0.000274558
0.000216815
0.000235139
0.000176867
0.000135789
0.000140219
5.67568e-05
5.03557e-05
0.000278905
0.00027479
0.000180258
0.000168174
0.00020254
0.000109603
8.31124e-05
0.000197241
0.000152547
7.19323e-05
0.000193884
0.000333375
0.000209253
0.000187565
0.000249987
0.000185204
5.25618e-05
0.000161776
6.54658e-05
6.49947e-05
0.000239249
0.000226955
0.000155991
0.00011779
0.00018998
0.000153511
7.56732e-05
0.000123561
0.000205357
1.31444e-05
0.000159599
0.000358365
0.000175688
0.000247007
0.000278656
0.000195988
0.000134263
0.000127688
8.96846e-05
0.000158846
0.000296066
0.000296176
9.53305e-05
8.22377e-05
1.46379e-05
0.00017997
3.86631e-05
0.000228607
0.00030209
0.000115934
0.000329696
0.00036168
0.000240795
0.0003242
0.000326997
0.000146059
0.000150813
0.000194422
0.000136187
9.85337e-05
0.000281105
0.000257945
0.000116436
0.000351364
0.000222681
0.000167657
0.000105196
0.000234152
0.000195827
9.18424e-06
0.000302006
0.000376071
0.000263431
0.000346341
0.000335082
0.000212429
7.71407e-05
0.000140569
8.44757e-05
0.000102671
0.000272006
0.000355592
0.000160384
0.000385067
0.000231005
0.000185964
0.000108428
0.000236286
0.000268123
4.71408e-05
0.000205472
0.000380303
0.00030706
0.000315286
0.000333067
0.000209767
8.96801e-05
0.000140673
0.000156106
0.000108311
0.000273301
0.00035279
0.000161282
0.000183632
0.000145476
0.000185238
0.000194798
0.000200197
0.000199624
0.000198289
0.000195258
0.000197642
0.000194106
0.000185831
0.000180572
0.000183903
0.000189037
0.000185204
0.000168084
0.000159806
0.000174378
0.000183084
0.000193858
0.000195049
0.000192955
0.000173815
0.000195057
0.000205146
0.000193598
0.000195839
0.000216379
0.000235526
0.000234648
0.00020626
0.000191158
0.000172845
0.00015371
0.000136654
0.000124602
0.000142871
0.000188523
0.000198669
0.000196962
0.000191419
0.00018918
0.000188013
0.000194182
0.000198026
0.000167997
0.000172222
0.000203067
0.000239176
0.0002201
0.000197406
0.000178793
0.000167284
0.000141804
8.07582e-05
0.000102555
0.000133067
0.000204982
0.000222898
0.000218816
0.000222853
0.000187049
0.000160678
0.000157499
0.000168285
0.000157306
0.000179142
0.000181225
0.000241611
0.000218484
0.000195334
0.000196885
0.000185878
0.000113291
7.96007e-05
7.58278e-05
0.000108872
0.000210992
0.000234303
0.000225929
0.000236116
0.000140086
0.000170678
0.000147307
0.000140013
0.000152652
0.000143763
0.000129451
0.000235237
0.000245129
0.000173885
0.000175391
0.000184448
0.000169277
0.000122291
8.90627e-05
0.000106616
0.0002
0.000246694
0.000213143
0.00021825
0.00019848
0.00021211
0.000156691
0.000109678
0.000140779
0.000106248
0.000147025
0.000251204
0.000193482
0.000152763
0.000159239
0.000177249
0.000153198
0.000143301
0.000109514
0.000161234
0.000246018
0.000265348
0.000211432
0.000184544
0.000199913
0.000260383
0.00018045
8.52176e-05
0.000149786
9.96218e-05
0.000169859
0.000267769
0.000167201
0.000127621
0.000171099
0.000180602
0.000170482
0.000155511
0.000102286
0.000171636
0.000237014
0.000301445
0.000130342
0.000166575
0.000186184
0.00028119
0.000192385
7.32388e-05
0.000139113
0.00013649
0.000148192
0.000288649
0.00014671
0.000155178
0.000189701
0.000192023
0.000187487
0.000144712
0.000130191
0.000119439
0.000291077
0.000349368
0.000179224
0.000182683
0.000204635
0.000277405
0.000106128
4.19675e-05
0.000208323
0.00016006
0.000245039
0.000292114
0.000124922
0.000155621
0.000178027
0.000191224
0.000195815
0.000147639
0.000123396
0.00020539
0.000328246
0.000351283
0.00017045
0.000196413
0.000121487
0.000324275
0.000103988
8.61211e-05
0.000183538
0.000204653
0.000188349
0.000307243
0.000113891
0.000182823
0.000217678
0.000167099
0.000216972
0.000156467
0.00012324
0.000227081
0.000323945
0.00042333
0.000197714
0.000204526
0.000103417
0.000293298
9.94596e-05
4.9198e-05
0.000194036
0.000167516
0.000190714
0.00030665
0.000194133
0.000204183
0.00018038
0.000194108
0.000223658
0.00015905
0.00011202
0.000149706
0.000388819
0.000420869
0.000250338
0.000228619
0.00017977
0.000334646
0.000176679
5.13803e-05
0.000196082
0.000207684
0.000191443
0.000305982
0.000194461
0.000131491
0.000228632
0.000162738
0.000225304
0.000159262
0.000113059
0.000154923
0.000344464
0.000419077
0.000250742
0.000232359
0.000179551
)
;

boundaryField
{
    bottomWall
    {
        type            zeroGradient;
    }
    topWall
    {
        type            zeroGradient;
    }
    sides1_half0
    {
        type            cyclic;
    }
    sides1_half1
    {
        type            cyclic;
    }
    sides2_half0
    {
        type            cyclic;
    }
    sides2_half1
    {
        type            cyclic;
    }
    inout1_half0
    {
        type            cyclic;
    }
    inout1_half1
    {
        type            cyclic;
    }
    inout2_half0
    {
        type            cyclic;
    }
    inout2_half1
    {
        type            cyclic;
    }
}


// ************************************************************************* //
