(
(0.00046875 1.01583)
(0.00140625 1.02409)
(0.00234375 1.0317)
(0.00328125 1.02172)
(0.00421875 1.02631)
(0.00515625 1.01504)
(0.00609375 1.01875)
(0.00703125 1.03481)
(0.00796875 1.03001)
(0.00890625 1.02233)
(0.00984375 1.02202)
(0.01078125 1.02647)
(0.01171875 1.01765)
(0.01265625 1.01628)
(0.01359375 1.03402)
(0.01453125 1.01807)
(0.01546875 1.07669)
(0.01640625 1.06933)
(0.01734375 1.08113)
(0.01828125 1.06781)
(0.01921875 1.07744)
(0.02015625 1.06922)
(0.02109375 1.06513)
(0.02203125 1.07647)
(0.02296875 1.08365)
(0.02390625 1.07181)
(0.02484375 1.08282)
(0.02578125 1.07688)
(0.02671875 1.07286)
(0.02765625 1.08299)
(0.02859375 1.0789)
(0.02953125 1.06957)
(0.03046875 1.13425)
(0.03140625 1.11524)
(0.03234375 1.11722)
(0.03328125 1.13268)
(0.03421875 1.11734)
(0.03515625 1.13002)
(0.03609375 1.12094)
(0.03703125 1.12793)
(0.03796875 1.12353)
(0.03890625 1.12502)
(0.03984375 1.12129)
(0.04078125 1.12374)
(0.04171875 1.1282)
(0.04265625 1.12905)
(0.04359375 1.1305)
(0.04453125 1.13127)
(0.04546875 1.1714)
(0.04640625 1.18465)
(0.04734375 1.17859)
(0.04828125 1.16802)
(0.04921875 1.18252)
(0.05015625 1.17894)
(0.05109375 1.17255)
(0.05203125 1.1763)
(0.05296875 1.1745)
(0.05390625 1.17045)
(0.05484375 1.18379)
(0.05578125 1.17018)
(0.05671875 1.1758)
(0.05765625 1.17796)
(0.05859375 1.1764)
(0.05953125 1.17519)
)
